     14.183363   30.248955    0.999573    0.020666
     22.205143   22.236501    0.999209    0.028112
     23.801223   20.643142    0.999082    0.030282
     24.910451   19.536065    0.998975    0.031998
     30.234783   14.226728    0.998066    0.043939
     31.748670   12.719393    0.997579    0.049146
     32.978344   11.496310    0.997035    0.054375
     33.419082   11.058289    0.996794    0.056529
     34.647390    9.838837    0.995947    0.063535
     35.538818    8.955351    0.995104    0.069803
     36.862557    7.646810    0.993272    0.081748
     37.913786    6.611960    0.990980    0.094543
     39.357241    5.201709    0.985343    0.120174
     39.800495    4.772638    0.982540    0.130978
     41.070972    3.562108    0.968192    0.175489
     41.540353    3.126930    0.958296    0.199912
     41.842986    2.852107    0.949402    0.219176
     41.930764    2.773479    0.946318    0.225389
     42.491965    2.286568    0.918642    0.273384
     43.546121    1.517650    0.783448    0.411895
     43.601638    1.486882    0.770645    0.420418
     44.170203    1.272353    0.592846    0.491304
     44.563640    1.260065    0.437634    0.496095
     45.061230    1.411301    0.268030    0.442933
     45.696664    1.796569    0.140929    0.347948
     46.803702    2.703660    0.056669    0.231210
     47.035352    2.911027    0.048462    0.214739
     47.342826    3.191433    0.039963    0.195872
     47.502650    3.339070    0.036371    0.187211
     47.996879    3.801854    0.027808    0.164423
     48.801908    4.569785    0.019076    0.136792
     48.901266    4.665432    0.018287    0.133988
     49.306123    5.056645    0.015523    0.123622
     50.141373    5.869596    0.011474    0.106500
     50.679789    6.396686    0.009643    0.097724
     50.867850    6.581222    0.009105    0.094984
     51.578950    7.280627    0.007427    0.085860
     51.662751    7.363197    0.007260    0.084897
     52.318187    8.009889    0.006128    0.078043
     53.229645    8.911312    0.004945    0.070148
     53.425798    9.105566    0.004735    0.068652
     53.651798    9.329477    0.004510    0.067004
     53.724557    9.401585    0.004441    0.066490
     53.885664    9.561285    0.004293    0.065380
     54.650041   10.319583    0.000000    0.000000
     55.275921   10.941116    0.000000    0.000000
     55.950725   11.611755    0.000000    0.000000
     56.400890   12.059402    0.000000    0.000000
     56.414488   12.072926    0.000000    0.000000
     57.164436   12.819078    0.000000    0.000000
     57.217208   12.871599    0.000000    0.000000
     57.220952   12.875325    0.000000    0.000000
     58.342252   13.991750    0.000000    0.000000
     58.446697   14.095781    0.000000    0.000000
     59.441450   15.086870    0.000000    0.000000
     59.715322   15.359818    0.000000    0.000000
     59.763759   15.408094    0.000000    0.000000
     60.024815   15.668304    0.000000    0.000000
     61.081358   16.721690    0.000000    0.000000
     61.304431   16.944147    0.000000    0.000000
     61.846240   17.484525    0.000000    0.000000
     62.010548   17.648416    0.000000    0.000000
     62.063867   17.701601    0.000000    0.000000
     62.381772   18.018727    0.000000    0.000000
     62.502155   18.138822    0.000000    0.000000
     62.995227   18.630752    0.000000    0.000000
     63.017912   18.653387    0.000000    0.000000
     63.081181   18.716513    0.000000    0.000000
     63.082977   18.718306    0.000000    0.000000
     63.458698   19.093204    0.000000    0.000000
     64.030695   19.664009    0.000000    0.000000
     64.061824   19.695075    0.000000    0.000000
     64.574426   20.206669    0.000000    0.000000
     65.067388   20.698710    0.000000    0.000000
     65.122252   20.753474    0.000000    0.000000
     65.284703   20.915631    0.000000    0.000000
     66.420175   22.049178    0.000000    0.000000
     66.719198   22.347726    0.000000    0.000000
     66.998142   22.626239    0.000000    0.000000
     67.253120   22.880832    0.000000    0.000000
     67.440495   23.067929    0.000000    0.000000
     67.901555   23.528325    0.000000    0.000000
     68.341310   23.967470    0.000000    0.000000
     68.496915   24.122864    0.000000    0.000000
     68.676114   24.301825    0.000000    0.000000
     68.691619   24.317309    0.000000    0.000000
     69.055551   24.680766    0.000000    0.000000
     69.526435   25.151058    0.000000    0.000000
     69.615406   25.239919    0.000000    0.000000
     69.906518   25.530677    0.000000    0.000000
     69.910838   25.534993    0.000000    0.000000
     70.131970   25.755861    0.000000    0.000000
     70.787378   26.410516    0.000000    0.000000
     70.804426   26.427545    0.000000    0.000000
     71.407794   27.030252    0.000000    0.000000
     72.077864   27.699622    0.000000    0.000000
     72.162049   27.783722    0.000000    0.000000
     72.362757   27.984228    0.000000    0.000000
     72.497773   28.119110    0.000000    0.000000
     73.116654   28.737392    0.000000    0.000000
     73.891305   29.511329    0.000000    0.000000
     74.061258   29.681130    0.000000    0.000000
     74.109054   29.728884    0.000000    0.000000
     74.173587   29.793360    0.000000    0.000000
     74.193954   29.813709    0.000000    0.000000
     75.004870   30.623930    0.000000    0.000000
     75.935480   31.553787    0.000000    0.000000
     76.237896   31.855968    0.000000    0.000000
     76.317402   31.935413    0.000000    0.000000
     77.052834   32.670294    0.000000    0.000000
     77.328968   32.946227    0.000000    0.000000
     78.197595   33.814245    0.000000    0.000000
     78.684016   34.300338    0.000000    0.000000
     80.322231   35.937514    0.000000    0.000000
     80.485896   36.101080    0.000000    0.000000
     80.649712   36.264799    0.000000    0.000000
     81.192324   36.807093    0.000000    0.000000
     83.363731   38.977316    0.000000    0.000000
     83.635677   39.249124    0.000000    0.000000
     84.362466   39.975551    0.000000    0.000000
