   -0.300000   -8.487154    1.809376    1.453911    1.879482    2.100357
   -0.290000    5.005878    1.989079    1.247702    1.892995    2.104687
   -0.280000    4.522163    2.165708    1.117986    1.900494    2.102947
   -0.270000    4.063562    2.318363    1.158238    1.907819    2.100695
   -0.260000    3.629954    2.447677    1.175894    1.915236    2.098147
   -0.250000    3.221255    2.553611    1.168097    1.923691    2.095648
   -0.240000    2.837419    2.636402    1.138364    1.932277    2.093448
   -0.230000    2.478434    2.697141    1.086778    1.941092    2.091522
   -0.220000    2.144321    2.735083    1.013369    1.950231    2.090241
   -0.210000    1.835134    2.749980    0.918168    1.959770    2.089768
   -0.200000    1.550950    2.742684    0.801154    1.969767    2.089891
   -0.190000    1.291872    2.712861    0.740546    1.981430    2.090620
   -0.180000    1.058023    2.659231    0.835777    1.993825    2.092134
   -0.170000    0.849538    2.578474    0.903576    2.006651    2.095084
   -0.160000    0.666565    2.473600    0.943454    2.019823    2.098412
   -0.150000    0.509253    2.344046    0.954774    2.033216    2.101990
   -0.140000    0.377749    2.189314    0.936846    2.046667    2.105687
   -0.130000    0.272190    2.009031    0.888943    2.059979    2.109378
   -0.120000    0.192689    1.802992    0.810366    2.072928    2.112955
   -0.110000    0.139317    1.571195    0.700516    2.085283    2.116330
   -0.100000    0.029788    1.478494    0.559000    2.096817    2.119438
   -0.090000   -0.120451    1.494422    0.385740    2.107324    2.122230
   -0.080000   -0.238859    1.473720    0.181181    2.116634    2.124845
   -0.070000   -0.325144    1.416074   -0.053492    2.124627    2.127337
   -0.060000   -0.378988    1.322356   -0.315972    2.131235    2.129487
   -0.050000   -0.400052    1.192523   -0.500974    2.136452    2.131284
   -0.040000   -0.387972    1.026613   -0.320928    2.140327    2.132700
   -0.030000   -0.342357    0.824557   -0.180793    2.142963    2.133706
   -0.020000   -0.262792    0.586235   -0.080465    2.144522    2.134268
   -0.010000   -0.148831    0.311463   -0.020085    2.145251    2.134347
    0.000000    0.000000    0.000000    0.000000    2.145455    2.133904
    0.010000   -0.131061    0.275680   -0.019694    2.145233    2.134455
    0.020000   -0.232628    0.526761   -0.078039    2.144518    2.134456
    0.030000   -0.304133    0.752911   -0.174369    2.143284    2.133893
    0.040000   -0.344969    0.953790   -0.308392    2.141526    2.132770
    0.050000   -0.354494    1.129064   -0.480059    2.139222    2.131109
    0.060000   -0.332027    1.278411   -0.689519    2.136328    2.128951
    0.070000   -0.276844    1.401535   -0.937044    2.132774    2.126356
    0.080000   -0.188177    1.498102   -0.899727    2.128473    2.123409
    0.090000   -0.065212    1.567902   -0.850409    2.123326    2.120202
    0.100000    0.092911    1.610587   -0.830000    2.117232    2.116861
    0.110000    0.287108    1.625947   -0.804613    2.110095    2.113506
    0.120000    0.498787    1.652559   -0.494793    2.101833    2.110336
    0.130000    0.655213    1.835986   -0.212041    2.092383    2.107917
    0.140000    0.849154    1.994235    0.042778    2.081710    2.105929
    0.150000    1.081902    2.126485    0.268917    2.069809    2.104494
    0.160000    1.354797    2.231905    0.463723    2.057215    2.103694
    0.170000    1.669234    2.309528    0.624905    2.044489    2.103568
    0.180000    2.026676    2.358226    0.755946    2.030825    2.104095
    0.190000    2.428658    2.376706    0.856628    2.016374    2.105186
    0.200000    2.876797    2.363499    0.923271    2.002278    2.106671
    0.210000    3.372799    2.316949    1.093728    1.988278    2.108314
    0.220000    3.918471    2.235293    1.346943    1.974109    2.109820
    0.230000    4.515725    2.116655    1.571676    1.959976    2.110861
    0.240000    5.166590    1.959169    1.767685    1.946066    2.111101
    0.250000    5.873223    1.760983    1.934654    1.932527    2.110230
    0.260000    6.575714    1.642059    2.072163    1.919463    2.108636
    0.270000    7.133866    1.884290    2.179645    1.906924    2.106535
    0.280000    7.754760    2.078387    2.256259    1.894962    2.103530
    0.290000    8.441232    2.226391    2.296796    1.884944    2.098729
