  5.000000000000000E-002   44.3669207998270     
  0.100000000000000        44.3668206317044     
  0.150000000000000        44.3671008773102     
  0.200000000000000        44.3696054239693     
  0.250000000000000        44.3748553231478     
  0.300000000000000        44.3819617662082     
  0.350000000000000        44.3899702147935     
  0.400000000000000        44.3982813622358     
  0.450000000000000        44.4065607678314     
  0.500000000000000        44.4146032834698     
  0.550000000000000        44.4222563902659     
  0.600000000000000        44.4293910926923     
  0.650000000000000        44.4358962574190     
  0.700000000000000        44.4416807032288     
  0.750000000000000        44.4466753961290     
  0.800000000000000        44.4508333041670     
  0.850000000000000        44.4541271826321     
  0.900000000000000        44.4565460951490     
  0.950000000000000        44.4580915390113     
   1.00000000000000        44.4587739615917     
   1.05000000000000        44.4586097752492     
   1.10000000000000        44.4576190864976     
   1.15000000000000        44.4558239481700     
   1.20000000000000        44.4532472248576     
   1.25000000000000        44.4499117269003     
   1.30000000000000        44.4458399043542     
   1.35000000000000        44.4410532208925     
   1.40000000000000        44.4355723098506     
   1.45000000000000        44.4294167684095     
   1.50000000000000        44.4226051373314     
   1.55000000000000        44.4151549218451     
   1.60000000000000        44.4070827056170     
   1.65000000000000        44.3984040683925     
   1.70000000000000        44.3891337926935     
   1.75000000000000        44.3792857556700     
   1.80000000000000        44.3688730893309     
   1.85000000000000        44.3579081689580     
   1.90000000000000        44.3464026644793     
   1.95000000000000        44.3343675825104     
   2.00000000000000        44.3218132738444     
   2.05000000000000        44.3087495352127     
   2.10000000000000        44.2951855583404     
   2.15000000000000        44.2811299893474     
   2.20000000000000        44.2665909876279     
   2.25000000000000        44.2515762032083     
   2.30000000000000        44.2360928317317     
   2.35000000000000        44.2201476333388     
   2.40000000000000        44.2037469575937     
   2.45000000000000        44.1868967678757     
   2.50000000000000        44.1696027135150     
   2.55000000000000        44.1518699117347     
   2.60000000000000        44.1337034531378     
   2.65000000000000        44.1151079410888     
   2.70000000000000        44.0960877545616     
   2.75000000000000        44.0766470206454     
   2.80000000000000        44.0567896345885     
   2.85000000000000        44.0365192790712     
   2.90000000000000        44.0158394426741     
   2.95000000000000        43.9947534375177     
   3.00000000000000        43.9732644160507     
   3.05000000000000        43.9513753869752     
   3.10000000000000        43.9290892303003     
   3.15000000000000        43.9064087115210     
   3.20000000000000        43.8833364949291     
   3.25000000000000        43.8598751560612     
   3.30000000000000        43.8360271933000     
   3.35000000000000        43.8117950232056     
   3.40000000000000        43.7871810482635     
   3.45000000000000        43.7621875845252     
   3.50000000000000        43.7368169213677     
   3.55000000000000        43.7110713170156     
   3.60000000000000        43.6849530055301     
   3.65000000000000        43.6584642031311     
   3.69999999999999        43.6316071138848     
   3.74999999999999        43.6043839347890     
   3.79999999999999        43.5767968602916     
   3.84999999999999        43.5488480862731     
   3.89999999999999        43.5205398135282     
   3.94999999999999        43.4918742507771     
   3.99999999999999        43.4628536172402     
   4.04999999999999        43.4334801448059     
   4.09999999999999        43.4037560798220     
   4.14999999999999        43.3736836845397     
   4.19999999999999        43.3432652382387     
   4.24999999999999        43.3125030380590     
   4.29999999999999        43.2813993995661     
   4.34999999999999        43.2499566570732     
   4.39999999999999        43.2181771637438     
   4.44999999999999        43.1860632914963     
   4.49999999999999        43.1536174307315     
   4.54999999999999        43.1208419899015     
   4.59999999999999        43.0877393949396     
   4.64999999999999        43.0543120885659     
   4.69999999999999        43.0205625294870     
   4.74999999999999        42.9864931915023     
   4.79999999999999        42.9521065625316     
   4.84999999999999        42.9174051435762     
   4.89999999999999        42.8823914476254     
   4.94999999999999        42.8470679985183     
   4.99999999999999        42.8114373297722     
