   1.50000000000000       0.336564625850340        4.63818720206028     
   1.49900000000000       0.336340249433107        4.63284383290262     
   1.49800000000000       0.336115873015873        4.62750439718061     
   1.49700000000000       0.335891496598640        4.62216538944885     
   1.49600000000000       0.335667120181406        4.61682681193038     
   1.49500000000000       0.335442743764172        4.61148866685721     
   1.49400000000000       0.335218367346939        4.60615095647032     
   1.49300000000000       0.334993990929705        4.60081368301964     
   1.49200000000000       0.334769614512472        4.59547684876411     
   1.49100000000000       0.334545238095238        4.59014045597178     
   1.49000000000000       0.334320861678005        4.58480450691975     
   1.48900000000000       0.334096485260771        4.57946900389431     
   1.48800000000000       0.333872108843538        4.57413394919079     
   1.48700000000000       0.333647732426304        4.56879934511389     
   1.48600000000000       0.333423356009071        4.56346519397748     
   1.48500000000000       0.333198979591837        4.55813149810462     
   1.48400000000000       0.332974603174604        4.55279825982784     
   1.48300000000000       0.332750226757370        4.54746548148889     
   1.48200000000000       0.332525850340137        4.54213316543900     
   1.48100000000000       0.332301473922903        4.53680131403874     
   1.48000000000000       0.332077097505669        4.53146992965826     
   1.47900000000000       0.331852721088436        4.52613901467707     
   1.47800000000000       0.331628344671202        4.52080857148431     
   1.47700000000000       0.331403968253969        4.51547860247869     
   1.47600000000000       0.331179591836735        4.51014911006850     
   1.47500000000000       0.330955215419502        4.50482009667163     
   1.47400000000000       0.330730839002268        4.49949156471583     
   1.47300000000000       0.330506462585035        4.49416351663841     
   1.47200000000000       0.330282086167801        4.48883595488649     
   1.47100000000000       0.330057709750568        4.48350888191705     
   1.47000000000000       0.329833333333334        4.47818230019682     
   1.46900000000000       0.329608956916101        4.47285621220248     
   1.46800000000000       0.329384580498867        4.46753062042061     
   1.46700000000000       0.329160204081633        4.46220552734772     
   1.46600000000000       0.328935827664400        4.45688093549036     
   1.46500000000000       0.328711451247166        4.45155684736509     
   1.46400000000000       0.328487074829933        4.44623326549854     
   1.46300000000000       0.328262698412699        4.44091019242746     
   1.46200000000000       0.328038321995466        4.43558763069883     
   1.46100000000000       0.327813945578232        4.43026558286961     
   1.46000000000000       0.327589569160999        4.42494405150722     
   1.45900000000000       0.327365192743765        4.41962303918927     
   1.45800000000000       0.327140816326532        4.41430254850364     
   1.45700000000000       0.326916439909298        4.40898258204865     
   1.45600000000000       0.326692063492065        4.40366314243290     
   1.45500000000000       0.326467687074831        4.39834423227548     
   1.45400000000001       0.326243310657598        4.39302585420604     
   1.45300000000001       0.326018934240364        4.38770801086454     
   1.45200000000001       0.325794557823130        4.38239070490172     
   1.45100000000001       0.325570181405897        4.37707393897873     
   1.45000000000001       0.325345804988663        4.37175771576748     
   1.44900000000001       0.325121428571430        4.36644203795048     
   1.44800000000001       0.324897052154196        4.36112690822100     
   1.44700000000001       0.324672675736963        4.35581232928305     
   1.44600000000001       0.324448299319729        4.35049830385141     
   1.44500000000001       0.324223922902496        4.34518483465179     
   1.44400000000001       0.323999546485262        4.33987192442070     
   1.44300000000001       0.323775170068029        4.33455957590557     
   1.44200000000001       0.323550793650795        4.32924779186488     
   1.44100000000001       0.323326417233562        4.32393657506800     
   1.44000000000001       0.323102040816328        4.31862592829549     
   1.43900000000001       0.322877664399094        4.31331585433885     
   1.43800000000001       0.322653287981861        4.30800635600082     
   1.43700000000001       0.322428911564627        4.30269743609531     
   1.43600000000001       0.322204535147394        4.29738909744735     
   1.43500000000001       0.321980158730160        4.29208134289338     
   1.43400000000001       0.321755782312927        4.28677417528101     
   1.43300000000001       0.321531405895693        4.28146759746926     
   1.43200000000001       0.321307029478460        4.27616161232851     
   1.43100000000001       0.321082653061226        4.27085622274064     
   1.43000000000001       0.320858276643993        4.26555143159890     
   1.42900000000001       0.320633900226759        4.26024724180817     
   1.42800000000001       0.320409523809526        4.25494365628479     
   1.42700000000001       0.320185147392292        4.24964067795673     
   1.42600000000001       0.319960770975059        4.24433830976368     
   1.42500000000001       0.319736394557825        4.23903655465690     
   1.42400000000001       0.319512018140591        4.23373541559950     
   1.42300000000001       0.319287641723358        4.22843489556628     
   1.42200000000001       0.319063265306124        4.22313499754393     
   1.42100000000001       0.318838888888891        4.21783572453093     
   1.42000000000001       0.318614512471657        4.21253707953776     
   1.41900000000001       0.318390136054424        4.20723906558676     
   1.41800000000001       0.318165759637190        4.20194168571238     
   1.41700000000001       0.317941383219957        4.19664494296099     
   1.41600000000001       0.317717006802723        4.19134884039111     
   1.41500000000001       0.317492630385490        4.18605338107343     
   1.41400000000001       0.317268253968256        4.18075856809069     
   1.41300000000001       0.317043877551023        4.17546440453801     
   1.41200000000001       0.316819501133789        4.17017089352267     
   1.41100000000001       0.316595124716556        4.16487803816424     
   1.41000000000001       0.316370748299322        4.15958584159478     
   1.40900000000001       0.316146371882088        4.15429430695858     
   1.40800000000001       0.315921995464855        4.14900343741248     
   1.40700000000001       0.315697619047621        4.14371323612579     
   1.40600000000001       0.315473242630388        4.13842370628036     
   1.40500000000001       0.315248866213154        4.13313485107059     
   1.40400000000001       0.315024489795921        4.12784667370352     
   1.40300000000001       0.314800113378687        4.12255917739889     
   1.40200000000001       0.314575736961454        4.11727236538915     
   1.40100000000001       0.314351360544220        4.11198624091943     
   1.40000000000001       0.314126984126987        4.10670080724778     
   1.39900000000001       0.313902607709753        4.10141606764508     
   1.39800000000001       0.313678231292520        4.09613202539505     
   1.39700000000001       0.313453854875286        4.09084868379441     
   1.39600000000001       0.313229478458052        4.08556604615284     
   1.39500000000001       0.313005102040819        4.08028411579313     
   1.39400000000001       0.312780725623585        4.07500289605103     
   1.39300000000001       0.312556349206352        4.06972239027553     
   1.39200000000001       0.312331972789118        4.06444260182874     
   1.39100000000001       0.312107596371885        4.05916353408604     
   1.39000000000001       0.311883219954651        4.05388519043604     
   1.38900000000001       0.311658843537418        4.04860757428062     
   1.38800000000001       0.311434467120184        4.04333068903514     
   1.38700000000001       0.311210090702951        4.03805453812831     
   1.38600000000001       0.310985714285717        4.03277912500226     
   1.38500000000001       0.310761337868484        4.02750445311267     
   1.38400000000001       0.310536961451250        4.02223052592877     
   1.38300000000001       0.310312585034017        4.01695734693336     
   1.38200000000001       0.310088208616783        4.01168491962287     
   1.38100000000001       0.309863832199549        4.00641324750749     
   1.38000000000001       0.309639455782316        4.00113912419760     
   1.37900000000001       0.309415079365082        3.99586900725278     
   1.37800000000001       0.309190702947849        3.99059965582114     
   1.37700000000001       0.308966326530615        3.98533107346996     
   1.37600000000001       0.308741950113382        3.98006326378038     
   1.37500000000001       0.308517573696148        3.97479623034757     
   1.37400000000001       0.308293197278915        3.96952997678061     
   1.37300000000001       0.308068820861681        3.96426450670279     
   1.37200000000001       0.307844444444448        3.95899982375137     
   1.37100000000001       0.307620068027214        3.95373593157788     
   1.37000000000001       0.307395691609981        3.94847283384797     
   1.36900000000001       0.307171315192747        3.94321053424156     
   1.36800000000001       0.306946938775513        3.93794903645290     
   1.36700000000001       0.306722562358280        3.93268834419055     
   1.36600000000001       0.306498185941046        3.92742846117746     
   1.36500000000001       0.306273809523813        3.92216939115106     
   1.36400000000001       0.306049433106579        3.91691113786323     
   1.36300000000002       0.305825056689346        3.91165370508041     
   1.36200000000002       0.305600680272112        3.90639709658361     
   1.36100000000002       0.305376303854879        3.90114131616845     
   1.36000000000002       0.305151927437645        3.89588636764524     
   1.35900000000002       0.304927551020412        3.89063225483908     
   1.35800000000002       0.304703174603178        3.88537898158973     
   1.35700000000002       0.304478798185945        3.88012655175187     
   1.35600000000002       0.304254421768711        3.87487496919498     
   1.35500000000002       0.304030045351478        3.86962423780349     
   1.35400000000002       0.303805668934244        3.86437436147679     
   1.35300000000002       0.303581292517010        3.85912534412929     
   1.35200000000002       0.303356916099777        3.85387718969046     
   1.35100000000002       0.303132539682543        3.84862990210483     
   1.35000000000002       0.302908163265310        3.84338348533213     
   1.34900000000002       0.302683786848076        3.83813794334729     
   1.34800000000002       0.302459410430843        3.83289328014048     
   1.34700000000002       0.302235034013609        3.82764949971715     
   1.34600000000002       0.302010657596376        3.82240660609812     
   1.34500000000002       0.301786281179142        3.81716460331962     
   1.34400000000002       0.301561904761909        3.81192349543327     
   1.34300000000002       0.301337528344675        3.80668328650619     
   1.34200000000002       0.301113151927442        3.80144398062105     
   1.34100000000002       0.300888775510208        3.79620558187613     
   1.34000000000002       0.300664399092974        3.79096809438525     
   1.33900000000002       0.300440022675741        3.78573152227800     
   1.33800000000002       0.300215646258507        3.78049586969963     
   1.33700000000002       0.299991269841274        3.77526114081121     
   1.33600000000002       0.299766893424040        3.77002733978957     
   1.33500000000002       0.299542517006807        3.76479447082747     
   1.33400000000002       0.299318140589573        3.75956253813354     
   1.33300000000002       0.299093764172340        3.75433154593236     
   1.33200000000002       0.298869387755106        3.74910149846455     
   1.33100000000002       0.298645011337873        3.74387239998678     
   1.33000000000002       0.298420634920639        3.73864425477179     
   1.32900000000002       0.298196258503406        3.73341706710849     
   1.32800000000002       0.297971882086172        3.72819084130198     
   1.32700000000002       0.297747505668939        3.72296558167358     
   1.32600000000002       0.297523129251705        3.71774129256093     
   1.32500000000002       0.297298752834471        3.71251797831796     
   1.32400000000002       0.297074376417238        3.70729564331503     
   1.32300000000002       0.296850000000004        3.70207429193890     
   1.32200000000002       0.296625623582771        3.69685392859277     
   1.32100000000002       0.296401247165537        3.69163455769640     
   1.32000000000002       0.296176870748304        3.68641618368609     
   1.31900000000002       0.295952494331070        3.68119881101478     
   1.31800000000002       0.295728117913837        3.67598244415202     
   1.31700000000002       0.295503741496603        3.67076708758411     
   1.31600000000002       0.295279365079370        3.66555274581401     
   1.31500000000002       0.295054988662136        3.66033942336160     
   1.31400000000002       0.294830612244903        3.65512712476350     
   1.31300000000002       0.294606235827669        3.64991585457319     
   1.31200000000002       0.294381859410435        3.64470561736119     
   1.31100000000002       0.294157482993202        3.63949641771489     
   1.31000000000002       0.293933106575968        3.63428826023875     
   1.30900000000002       0.293708730158735        3.62908114955424     
   1.30800000000002       0.293484353741501        3.62387509029999     
   1.30700000000002       0.293259977324268        3.61867008713175     
   1.30600000000002       0.293035600907034        3.61346614472247     
   1.30500000000002       0.292811224489801        3.60826326776231     
   1.30400000000002       0.292586848072567        3.60306146095878     
   1.30300000000002       0.292362471655334        3.59786072903663     
   1.30200000000002       0.292138095238100        3.59266107673806     
   1.30100000000002       0.291913718820867        3.58746250882259     
   1.30000000000002       0.291689342403633        3.58226503006729     
   1.29900000000002       0.291464965986400        3.57706864526666     
   1.29800000000002       0.291240589569166        3.57187335923279     
   1.29700000000002       0.291016213151932        3.56667917679528     
   1.29600000000002       0.290791836734699        3.56148610280144     
   1.29500000000002       0.290567460317465        3.55629414211619     
   1.29400000000002       0.290343083900232        3.55110329962221     
   1.29300000000002       0.290118707482998        3.54591358021985     
   1.29200000000002       0.289894331065765        3.54072498882731     
   1.29100000000002       0.289669954648531        3.53553753038066     
   1.29000000000002       0.289445578231298        3.53035120983372     
   1.28900000000002       0.289221201814064        3.52516603215840     
   1.28800000000002       0.288996825396831        3.51998200234439     
   1.28700000000002       0.288772448979597        3.51479912539950     
   1.28600000000002       0.288548072562364        3.50961740634953     
   1.28500000000002       0.288323696145130        3.50443685023834     
   1.28400000000002       0.288099319727897        3.49925746212796     
   1.28300000000002       0.287874943310663        3.49407924709851     
   1.28200000000002       0.287650566893429        3.48890221024836     
   1.28100000000002       0.287426190476196        3.48372635669409     
   1.28000000000002       0.287201814058962        3.47855169157053     
   1.27900000000002       0.286977437641729        3.47337822003086     
   1.27800000000002       0.286753061224495        3.46820594724657     
   1.27700000000002       0.286528684807262        3.46303487840760     
   1.27600000000002       0.286304308390028        3.45786501872221     
   1.27500000000002       0.286079931972795        3.45269637341723     
   1.27400000000002       0.285855555555561        3.44752894773793     
   1.27300000000003       0.285631179138328        3.44236274694810     
   1.27200000000003       0.285406802721094        3.43719482750681     
   1.27100000000003       0.285182426303861        3.43203112952168     
   1.27000000000003       0.284958049886627        3.42686867194722     
   1.26900000000003       0.284733673469393        3.42170746012468     
   1.26800000000003       0.284509297052160        3.41654749941402     
   1.26700000000003       0.284284920634926        3.41138879519391     
   1.26600000000003       0.284060544217693        3.40623135286183     
   1.26500000000003       0.283836167800459        3.40107517783404     
   1.26400000000003       0.283611791383226        3.39592027554558     
   1.26300000000003       0.283387414965992        3.39076665145043     
   1.26200000000003       0.283163038548759        3.38561431102148     
   1.26100000000003       0.282938662131525        3.38046325975046     
   1.26000000000003       0.282714285714292        3.37531350314813     
   1.25900000000003       0.282489909297058        3.37016504674421     
   1.25800000000003       0.282265532879825        3.36501789608750     
   1.25700000000003       0.282041156462591        3.35987205674579     
   1.25600000000003       0.281816780045358        3.35472753430599     
   1.25500000000003       0.281592403628124        3.34958433437411     
   1.25400000000003       0.281368027210890        3.34444246257535     
   1.25300000000003       0.281143650793657        3.33930192455403     
   1.25200000000003       0.280919274376423        3.33416272597369     
   1.25100000000003       0.280694897959190        3.32902487251711     
   1.25000000000003       0.280470521541956        3.32388836988630     
   1.24900000000003       0.280246145124723        3.31875322380261     
   1.24800000000003       0.280021768707489        3.31361944000665     
   1.24700000000003       0.279797392290256        3.30848702425840     
   1.24600000000003       0.279573015873022        3.30335598233722     
   1.24500000000003       0.279348639455789        3.29822632004180     
   1.24400000000003       0.279124263038555        3.29309804319029     
   1.24300000000003       0.278899886621322        3.28797115762028     
   1.24200000000003       0.278675510204088        3.28284566918881     
   1.24100000000003       0.278451133786854        3.27772158377242     
   1.24000000000003       0.278226757369621        3.27259890726714     
   1.23900000000003       0.278002380952387        3.26747764558853     
   1.23800000000003       0.277778004535154        3.26235780467175     
   1.23700000000003       0.277553628117920        3.25723939047148     
   1.23600000000003       0.277329251700687        3.25212240896201     
   1.23500000000003       0.277104875283453        3.24700686613724     
   1.23400000000003       0.276880498866220        3.24189276801078     
   1.23300000000003       0.276656122448986        3.23678012061576     
   1.23200000000003       0.276431746031753        3.23166893000511     
   1.23100000000003       0.276207369614519        3.22655920225137     
   1.23000000000003       0.275982993197286        3.22145094344680     
   1.22900000000003       0.275758616780052        3.21634415970343     
   1.22800000000003       0.275534240362819        3.21123885715299     
   1.22700000000003       0.275309863945585        3.20613504194694     
   1.22600000000003       0.275085487528351        3.20103272025662     
   1.22500000000003       0.274861111111118        3.19593189827304     
   1.22400000000003       0.274636734693884        3.19083258220704     
   1.22300000000003       0.274412358276651        3.18573477828929     
   1.22200000000003       0.274187981859417        3.18063849277030     
   1.22100000000003       0.273963605442184        3.17554373192037     
   1.22000000000003       0.273739229024950        3.17045050202970     
   1.21900000000003       0.273514852607717        3.16535880940830     
   1.21800000000003       0.273290476190483        3.16026866038607     
   1.21700000000003       0.273066099773250        3.15518006131280     
   1.21600000000003       0.272841723356016        3.15009301855811     
   1.21500000000003       0.272617346938783        3.14500753851158     
   1.21400000000003       0.272392970521549        3.13992362758265     
   1.21300000000003       0.272168594104315        3.13484129220069     
   1.21200000000003       0.271944217687082        3.12976053881494     
   1.21100000000003       0.271719841269848        3.12468137389458     
   1.21000000000003       0.271495464852615        3.11960380392875     
   1.20900000000003       0.271271088435381        3.11452783542642     
   1.20800000000003       0.271046712018148        3.10945347491657     
   1.20700000000003       0.270822335600914        3.10438072894810     
   1.20600000000003       0.270597959183681        3.09930960408974     
   1.20500000000003       0.270373582766447        3.09424010693031     
   1.20400000000003       0.270149206349214        3.08917224407840     
   1.20300000000003       0.269924829931980        3.08410602216261     
   1.20200000000003       0.269700453514747        3.07904144783151     
   1.20100000000003       0.269476077097513        3.07397852775345     
   1.20000000000003       0.269251700680280        3.06891726861681     
   1.19900000000003       0.269027324263046        3.06385767712987     
   1.19800000000003       0.268802947845812        3.05879976002078     
   1.19700000000003       0.268578571428579        3.05374352403761     
   1.19600000000003       0.268354195011345        3.04868897594835     
   1.19500000000003       0.268129818594112        3.04363612254081     
   1.19400000000003       0.267905442176878        3.03858497062273     
   1.19300000000003       0.267681065759645        3.03353552702174     
   1.19200000000003       0.267456689342411        3.02848779858523     
   1.19100000000003       0.267232312925178        3.02344179218054     
   1.19000000000003       0.267007936507944        3.01839751469476     
   1.18900000000003       0.266783560090711        3.01335497303488     
   1.18800000000003       0.266559183673477        3.00831417412766     
   1.18700000000003       0.266334807256244        3.00327512491961     
   1.18600000000003       0.266110430839010        2.99823783237703     
   1.18500000000003       0.265886054421777        2.99320230348605     
   1.18400000000003       0.265661678004543        2.98816854525244     
   1.18300000000003       0.265437301587309        2.98313656470175     
   1.18200000000004       0.265212925170076        2.97810636887922     
   1.18100000000004       0.264988548752842        2.97307796484973     
   1.18000000000004       0.264764172335609        2.96805135969790     
   1.17900000000004       0.264539795918375        2.96302656052789     
   1.17800000000004       0.264315419501142        2.95800357446353     
   1.17700000000004       0.264091043083908        2.95298240864824     
   1.17600000000004       0.263866666666675        2.94796307024495     
   1.17500000000004       0.263642290249441        2.94294556643615     
   1.17400000000004       0.263417913832208        2.93792990442389     
   1.17300000000004       0.263193537414974        2.93291344314449     
   1.17200000000004       0.262969160997741        2.92790152642511     
   1.17100000000004       0.262744784580507        2.92289147273137     
   1.17000000000004       0.262520408163273        2.91788328934759     
   1.16900000000004       0.262296031746040        2.91287698357743     
   1.16800000000004       0.262071655328806        2.90787256274390     
   1.16700000000004       0.261847278911573        2.90287003418912     
   1.16600000000004       0.261622902494339        2.89786940527457     
   1.16500000000004       0.261398526077106        2.89287068338082     
   1.16400000000004       0.261174149659872        2.88787387590759     
   1.16300000000004       0.260949773242639        2.88287899027375     
   1.16200000000004       0.260725396825405        2.87788603391719     
   1.16100000000004       0.260501020408172        2.87289501429480     
   1.16000000000004       0.260276643990938        2.86790593888249     
   1.15900000000004       0.260052267573705        2.86291881517507     
   1.15800000000004       0.259827891156471        2.85793365068624     
   1.15700000000004       0.259603514739238        2.85295045294851     
   1.15600000000004       0.259379138322004        2.84796922951325     
   1.15500000000004       0.259154761904770        2.84298998795053     
   1.15400000000004       0.258930385487537        2.83801273584907     
   1.15300000000004       0.258706009070303        2.83303748081631     
   1.15200000000004       0.258481632653070        2.82806423047822     
   1.15100000000004       0.258257256235836        2.82309299247930     
   1.15000000000004       0.258032879818603        2.81812377448255     
   1.14900000000004       0.257808503401369        2.81315658416941     
   1.14800000000004       0.257584126984136        2.80819142923964     
   1.14700000000004       0.257359750566902        2.80322831741132     
   1.14600000000004       0.257135374149669        2.79826725642079     
   1.14500000000004       0.256910997732435        2.79330825402257     
   1.14400000000004       0.256686621315202        2.78835131798928     
   1.14300000000004       0.256462244897968        2.78339645611160     
   1.14200000000004       0.256237868480734        2.77844367619824     
   1.14100000000004       0.256013492063501        2.77349298607579     
   1.14000000000004       0.255789115646267        2.76854439358872     
   1.13900000000004       0.255564739229034        2.76359790659927     
   1.13800000000004       0.255340362811800        2.75865353298743     
   1.13700000000004       0.255115986394567        2.75371128065080     
   1.13600000000004       0.254891609977333        2.74877115750459     
   1.13500000000004       0.254667233560100        2.74383317148148     
   1.13400000000004       0.254442857142866        2.73889733053157     
   1.13300000000004       0.254218480725633        2.73396364262236     
   1.13200000000004       0.253994104308399        2.72903211573852     
   1.13100000000004       0.253769727891166        2.72410275788199     
   1.13000000000004       0.253545351473932        2.71917557707181     
   1.12900000000004       0.253320975056699        2.71425058134399     
   1.12800000000004       0.253096598639465        2.70932777875154     
   1.12700000000004       0.252872222222231        2.70440717736429     
   1.12600000000004       0.252647845804998        2.69948878526885     
   1.12500000000004       0.252423469387764        2.69457261056850     
   1.12400000000004       0.252199092970531        2.68965866138310     
   1.12300000000004       0.251974716553297        2.68474694584907     
   1.12200000000004       0.251750340136064        2.67983747211912     
   1.12100000000004       0.251525963718830        2.67493024836244     
   1.12000000000004       0.251301587301597        2.67002528276425     
   1.11900000000004       0.251077210884363        2.66512258352604     
   1.11800000000004       0.250852834467130        2.66022215886523     
   1.11700000000004       0.250628458049896        2.65532401701521     
   1.11600000000004       0.250404081632663        2.65042816622517     
   1.11500000000004       0.250179705215429        2.64553461476004     
   1.11400000000004       0.249955328798196        2.64064337090034     
   1.11300000000004       0.249730952380962        2.63575444294211     
   1.11200000000004       0.249506575963728        2.63086783919679     
   1.11100000000004       0.249282199546495        2.62598356799111     
   1.11000000000004       0.249057823129261        2.62110163766700     
   1.10900000000004       0.248833446712028        2.61622205658142     
   1.10800000000004       0.248609070294794        2.61134483310635     
   1.10700000000004       0.248384693877561        2.60646997562856     
   1.10600000000004       0.248160317460327        2.60159749254958     
   1.10500000000004       0.247935941043094        2.59672739228553     
   1.10400000000004       0.247711564625860        2.59185968326702     
   1.10300000000004       0.247487188208627        2.58699437393906     
   1.10200000000004       0.247262811791393        2.58213147276087     
   1.10100000000004       0.247038435374160        2.57727098820581     
   1.10000000000004       0.246814058956926        2.57241292876124     
   1.09900000000004       0.246589682539692        2.56755730292840     
   1.09800000000004       0.246365306122459        2.56270411922226     
   1.09700000000004       0.246140929705225        2.55785338617137     
   1.09600000000004       0.245916553287992        2.55300511231785     
   1.09500000000004       0.245692176870758        2.54815930621706     
   1.09400000000004       0.245467800453525        2.54331597643768     
   1.09300000000004       0.245243424036291        2.53847513156139     
   1.09200000000004       0.245019047619058        2.53363678018282     
   1.09100000000005       0.244794671201824        2.52880093090942     
   1.09000000000005       0.244570294784591        2.52396759236131     
   1.08900000000005       0.244345918367357        2.51913677317109     
   1.08800000000005       0.244121541950124        2.51430848198375     
   1.08700000000005       0.243897165532890        2.50948272745650     
   1.08600000000005       0.243672789115657        2.50465951825864     
   1.08500000000005       0.243448412698423        2.49983647510257     
   1.08400000000005       0.243224036281189        2.49501842655560     
   1.08300000000005       0.242999659863956        2.49020294875756     
   1.08200000000005       0.242775283446722        2.48539005043205     
   1.08100000000005       0.242550907029489        2.48057974031393     
   1.08000000000005       0.242326530612255        2.47577202714915     
   1.07900000000005       0.242102154195022        2.47096691969463     
   1.07800000000005       0.241877777777788        2.46616442671808     
   1.07700000000005       0.241653401360555        2.46136455699780     
   1.07600000000005       0.241429024943321        2.45656731932256     
   1.07500000000005       0.241204648526088        2.45177272249147     
   1.07400000000005       0.240980272108854        2.44698077531370     
   1.07300000000005       0.240755895691621        2.44219148660844     
   1.07200000000005       0.240531519274387        2.43740486520463     
   1.07100000000005       0.240307142857153        2.43262091994084     
   1.07000000000005       0.240082766439920        2.42783965966509     
   1.06900000000005       0.239858390022686        2.42306109323464     
   1.06800000000005       0.239634013605453        2.41828522951590     
   1.06700000000005       0.239409637188219        2.41351207738415     
   1.06600000000005       0.239185260770986        2.40874164572343     
   1.06500000000005       0.238960884353752        2.40397394342631     
   1.06400000000005       0.238736507936519        2.39920897939377     
   1.06300000000005       0.238512131519285        2.39444676253492     
   1.06200000000005       0.238287755102052        2.38968730176691     
   1.06100000000005       0.238063378684818        2.38493060601474     
   1.06000000000005       0.237839002267585        2.38017668421093     
   1.05900000000005       0.237614625850351        2.37542554529550     
   1.05800000000005       0.237390249433118        2.37067719821575     
   1.05700000000005       0.237165873015884        2.36593165192593     
   1.05600000000005       0.236941496598650        2.36118891538717     
   1.05500000000005       0.236717120181417        2.35644899756730     
   1.05400000000005       0.236492743764183        2.35171190744056     
   1.05300000000005       0.236268367346950        2.34697765398745     
   1.05200000000005       0.236043990929716        2.34224624619451     
   1.05100000000005       0.235819614512483        2.33751769305413     
   1.05000000000005       0.235595238095249        2.33279200356437     
   1.04900000000005       0.235370861678016        2.32806918672867     
   1.04800000000005       0.235146485260782        2.32334925155572     
   1.04700000000005       0.234922108843549        2.31863220705925     
   1.04600000000005       0.234697732426315        2.31391806225773     
   1.04500000000005       0.234473356009082        2.30920682617427     
   1.04400000000005       0.234248979591848        2.30449850783634     
   1.04300000000005       0.234024603174614        2.29979311627555     
   1.04200000000005       0.233800226757381        2.29509066052746     
   1.04100000000005       0.233575850340147        2.29039114963135     
   1.04000000000005       0.233351473922914        2.28569459263000     
   1.03900000000005       0.233127097505680        2.28100099856945     
   1.03800000000005       0.232902721088447        2.27631037649880     
   1.03700000000005       0.232678344671213        2.27162273546999     
   1.03600000000005       0.232453968253980        2.26693808453749     
   1.03500000000005       0.232229591836746        2.26225643275824     
   1.03400000000005       0.232005215419513        2.25757778919123     
   1.03300000000005       0.231780839002279        2.25290216289739     
   1.03200000000005       0.231556462585046        2.24822956293931     
   1.03100000000005       0.231332086167812        2.24355999838103     
   1.03000000000005       0.231107709750579        2.23889347828779     
   1.02900000000005       0.230883333333345        2.23423001172575     
   1.02800000000005       0.230658956916111        2.22956960776185     
   1.02700000000005       0.230434580498878        2.22491227546348     
   1.02600000000005       0.230210204081644        2.22025802389825     
   1.02500000000005       0.229985827664411        2.21560686213382     
   1.02400000000005       0.229761451247177        2.21095879923754     
   1.02300000000005       0.229537074829944        2.20631384427629     
   1.02200000000005       0.229312698412710        2.20167200631620     
   1.02100000000005       0.229088321995477        2.19703329442240     
   1.02000000000005       0.228863945578243        2.19239771765877     
   1.01900000000005       0.228639569161010        2.18776528508770     
   1.01800000000005       0.228415192743776        2.18313600576983     
   1.01700000000005       0.228190816326543        2.17850988876376     
   1.01600000000005       0.227966439909309        2.17388694312587     
   1.01500000000005       0.227742063492075        2.16926717790998     
   1.01400000000005       0.227517687074842        2.16465060216713     
   1.01300000000005       0.227293310657608        2.16003722494535     
   1.01200000000005       0.227068934240375        2.15542705528932     
   1.01100000000005       0.226844557823141        2.15082010224017     
   1.01000000000005       0.226620181405908        2.14621637483521     
   1.00900000000005       0.226395804988674        2.14161588210761     
   1.00800000000005       0.226171428571441        2.13701863308623     
   1.00700000000005       0.225947052154207        2.13242463679524     
   1.00600000000005       0.225722675736974        2.12783183598505     
   1.00500000000005       0.225498299319740        2.12324442000480     
   1.00400000000005       0.225273922902507        2.11866028290170     
   1.00300000000005       0.225049546485273        2.11407943369141     
   1.00200000000005       0.224825170068040        2.10950188138350     
   1.00100000000005       0.224600793650806        2.10492763498112     
   1.00000000000006       0.224376417233572        2.10035670348074     
  0.999000000000055       0.224152040816339        2.09578909587196     
  0.998000000000055       0.223927664399105        2.09122482113707     
  0.997000000000055       0.223703287981872        2.08666388825092     
  0.996000000000055       0.223478911564638        2.08210630618053     
  0.995000000000055       0.223254535147405        2.07755208388488     
  0.994000000000055       0.223030158730171        2.07300123031459     
  0.993000000000055       0.222805782312938        2.06845375441166     
  0.992000000000055       0.222581405895704        2.06390966510913     
  0.991000000000055       0.222357029478470        2.05936897133087     
  0.990000000000055       0.222132653061237        2.05483168199123     
  0.989000000000055       0.221908276644003        2.05029780599481     
  0.988000000000055       0.221683900226770        2.04576735223610     
  0.987000000000055       0.221459523809536        2.04124032959924     
  0.986000000000055       0.221235147392303        2.03671674695769     
  0.985000000000055       0.221010770975069        2.03219661317403     
  0.984000000000055       0.220786394557835        2.02767993709950     
  0.983000000000055       0.220562018140602        2.02316672757388     
  0.982000000000055       0.220337641723368        2.01865699342509     
  0.981000000000055       0.220113265306135        2.01415074346891     
  0.980000000000055       0.219888888888901        2.00964798650873     
  0.979000000000055       0.219664512471668        2.00514873133517     
  0.978000000000055       0.219440136054434        2.00065298672588     
  0.977000000000055       0.219215759637201        1.99616076144514     
  0.976000000000055       0.218991383219967        1.99167206424364     
  0.975000000000055       0.218767006802733        1.98718690385814     
  0.974000000000055       0.218542630385500        1.98270528901116     
  0.973000000000055       0.218318253968266        1.97822722841073     
  0.972000000000055       0.218093877551033        1.97375273075001     
  0.971000000000055       0.217869501133799        1.96928180470705     
  0.970000000000055       0.217645124716566        1.96481445894445     
  0.969000000000055       0.217420748299332        1.96035070210910     
  0.968000000000055       0.217196371882099        1.95589054283178     
  0.967000000000055       0.216971995464865        1.95143398972699     
  0.966000000000055       0.216747619047631        1.94698105139249     
  0.965000000000055       0.216523242630398        1.94253173640915     
  0.964000000000055       0.216298866213164        1.93808605334050     
  0.963000000000055       0.216074489795931        1.93364401073253     
  0.962000000000055       0.215850113378697        1.92920561711329     
  0.961000000000055       0.215625736961464        1.92477088099268     
  0.960000000000055       0.215401360544230        1.92033981086205     
  0.959000000000055       0.215176984126996        1.91591241519394     
  0.958000000000055       0.214952607709763        1.91148870244176     
  0.957000000000055       0.214728231292529        1.90706868103947     
  0.956000000000055       0.214503854875296        1.90265235940129     
  0.955000000000055       0.214279478458062        1.89823974592133     
  0.954000000000055       0.214055102040829        1.89383084897339     
  0.953000000000055       0.213830725623595        1.88942567691053     
  0.952000000000055       0.213606349206362        1.88502423806482     
  0.951000000000055       0.213381972789128        1.88062654074702     
  0.950000000000055       0.213157596371894        1.87623259324625     
  0.949000000000055       0.212933219954661        1.87184240382972     
  0.948000000000055       0.212708843537427        1.86745598074234     
  0.947000000000055       0.212484467120194        1.86307333220652     
  0.946000000000055       0.212260090702960        1.85869446642173     
  0.945000000000055       0.212035714285727        1.85431939156426     
  0.944000000000055       0.211811337868493        1.84994811578693     
  0.943000000000055       0.211586961451260        1.84558064721872     
  0.942000000000055       0.211362585034026        1.84121699396447     
  0.941000000000055       0.211138208616792        1.83685716410457     
  0.940000000000055       0.210913832199559        1.83249935589892     
  0.939000000000055       0.210689455782325        1.82814725259392     
  0.938000000000055       0.210465079365092        1.82379899545063     
  0.937000000000055       0.210240702947858        1.81945459247207     
  0.936000000000055       0.210016326530625        1.81511405163502     
  0.935000000000055       0.209791950113391        1.81077738088963     
  0.934000000000055       0.209567573696157        1.80644458815922     
  0.933000000000055       0.209343197278924        1.80211568133981     
  0.932000000000055       0.209118820861690        1.79779066829996     
  0.931000000000055       0.208894444444457        1.79346955688037     
  0.930000000000055       0.208670068027223        1.78915235489364     
  0.929000000000055       0.208445691609990        1.78483907012385     
  0.928000000000055       0.208221315192756        1.78052971032638     
  0.927000000000055       0.207996938775523        1.77622428322754     
  0.926000000000055       0.207772562358289        1.77192279652425     
  0.925000000000055       0.207548185941055        1.76762525788376     
  0.924000000000055       0.207323809523822        1.76333167494334     
  0.923000000000055       0.207099433106588        1.75904205530995     
  0.922000000000055       0.206875056689355        1.75475640655997     
  0.921000000000055       0.206650680272121        1.75047473623887     
  0.920000000000055       0.206426303854888        1.74619705186094     
  0.919000000000055       0.206201927437654        1.74192336090894     
  0.918000000000055       0.205977551020421        1.73765367083381     
  0.917000000000055       0.205753174603187        1.73338798905441     
  0.916000000000055       0.205528798185953        1.72912632295720     
  0.915000000000055       0.205304421768720        1.72486867989588     
  0.914000000000055       0.205080045351486        1.72061506719119     
  0.913000000000055       0.204855668934253        1.71636549213053     
  0.912000000000055       0.204631292517019        1.71211996196772     
  0.911000000000055       0.204406916099786        1.70787848392268     
  0.910000000000055       0.204182539682552        1.70364106518113     
  0.909000000000055       0.203958163265318        1.69940771289431     
  0.908000000000055       0.203733786848085        1.69517843417867     
  0.907000000000055       0.203509410430851        1.69095323611560     
  0.906000000000055       0.203285034013618        1.68673212575114     
  0.905000000000055       0.203060657596384        1.68251511009568     
  0.904000000000055       0.202836281179151        1.67830219612363     
  0.903000000000055       0.202611904761917        1.67409339077324     
  0.902000000000055       0.202387528344684        1.66988870094622     
  0.901000000000055       0.202163151927450        1.66568813350748     
  0.900000000000055       0.201938775510216        1.66149169528488     
  0.899000000000055       0.201714399092983        1.65729939306892     
  0.898000000000055       0.201490022675749        1.65311123361244     
  0.897000000000055       0.201265646258516        1.64892722363041     
  0.896000000000055       0.201041269841282        1.64474736979959     
  0.895000000000055       0.200816893424049        1.64057167875825     
  0.894000000000055       0.200592517006815        1.63640015710597     
  0.893000000000055       0.200368140589582        1.63223281140329     
  0.892000000000055       0.200143764172348        1.62806964817150     
  0.891000000000055       0.199919387755114        1.62391067389230     
  0.890000000000055       0.199695011337881        1.61975433797859     
  0.889000000000055       0.199470634920647        1.61560383888429     
  0.888000000000055       0.199246258503414        1.61145754552793     
  0.887000000000055       0.199021882086180        1.60731546428240     
  0.886000000000055       0.198797505668947        1.60317760147897     
  0.885000000000055       0.198573129251713        1.59904396340713     
  0.884000000000055       0.198348752834479        1.59491455631429     
  0.883000000000055       0.198124376417246        1.59078938640551     
  0.882000000000055       0.197900000000012        1.58666845984332     
  0.881000000000055       0.197675623582779        1.58255178274740     
  0.880000000000055       0.197451247165545        1.57843936119437     
  0.879000000000055       0.197226870748312        1.57433120121757     
  0.878000000000055       0.197002494331078        1.57022730880677     
  0.877000000000055       0.196778117913845        1.56612768990797     
  0.876000000000055       0.196553741496611        1.56203235042317     
  0.875000000000055       0.196329365079377        1.55794129621010     
  0.874000000000055       0.196104988662144        1.55385453308200     
  0.873000000000055       0.195880612244910        1.54977206680746     
  0.872000000000055       0.195656235827677        1.54569390311009     
  0.871000000000055       0.195431859410443        1.54162004766836     
  0.870000000000055       0.195207482993210        1.53755050611537     
  0.869000000000055       0.194983106575976        1.53348528403863     
  0.868000000000055       0.194758730158743        1.52942438697982     
  0.867000000000055       0.194534353741509        1.52536782043465     
  0.866000000000055       0.194309977324275        1.52131558985254     
  0.865000000000055       0.194085600907042        1.51726770063652     
  0.864000000000055       0.193861224489808        1.51322286979360     
  0.863000000000055       0.193636848072575        1.50918387962783     
  0.862000000000055       0.193412471655341        1.50514923928638     
  0.861000000000055       0.193188095238108        1.50111895415093     
  0.860000000000055       0.192963718820874        1.49709302955359     
  0.859000000000055       0.192739342403640        1.49307147077681     
  0.858000000000055       0.192514965986407        1.48905293858099     
  0.857000000000055       0.192290589569173        1.48504121328013     
  0.856000000000055       0.192066213151940        1.48103383146961     
  0.855000000000055       0.191841836734706        1.47702899777281     
  0.854000000000055       0.191617460317473        1.47302934558189     
  0.853000000000055       0.191393083900239        1.46903408985173     
  0.852000000000055       0.191168707483006        1.46504323551168     
  0.851000000000055       0.190944331065772        1.46105678744006     
  0.850000000000055       0.190719954648538        1.45707475046387     
  0.849000000000055       0.190495578231305        1.45309712935875     
  0.848000000000055       0.190271201814071        1.44912392884879     
  0.847000000000055       0.190046825396838        1.44515515360631     
  0.846000000000055       0.189822448979604        1.44119080825186     
  0.845000000000055       0.189598072562371        1.43722950434410     
  0.844000000000055       0.189373696145137        1.43327394762462     
  0.843000000000055       0.189149319727903        1.42932283900640     
  0.842000000000055       0.188924943310670        1.42537618277403     
  0.841000000000055       0.188700566893436        1.42143398316151     
  0.840000000000055       0.188476190476203        1.41749624435225     
  0.839000000000055       0.188251814058969        1.41356297047889     
  0.838000000000055       0.188027437641736        1.40963416562318     
  0.837000000000055       0.187803061224502        1.40570983381589     
  0.836000000000055       0.187578684807269        1.40178997903664     
  0.835000000000055       0.187354308390035        1.39787460521386     
  0.834000000000055       0.187129931972801        1.39396371622463     
  0.833000000000055       0.186905555555568        1.39005731589461     
  0.832000000000055       0.186681179138334        1.38615540799790     
  0.831000000000055       0.186456802721101        1.38225799625701     
  0.830000000000055       0.186232426303867        1.37836508434271     
  0.829000000000055       0.186008049886634        1.37447667587397     
  0.828000000000055       0.185783673469400        1.37059277441786     
  0.827000000000055       0.185559297052167        1.36671338348949     
  0.826000000000055       0.185334920634933        1.36283850655191     
  0.825000000000055       0.185110544217699        1.35896814701609     
  0.824000000000055       0.184886167800466        1.35510230824078     
  0.823000000000055       0.184661791383232        1.35124099353249     
  0.822000000000055       0.184437414965999        1.34738420614543     
  0.821000000000055       0.184213038548765        1.34353194928145     
  0.820000000000055       0.183988662131532        1.33968422608998     
  0.819000000000055       0.183764285714298        1.33584103966799     
  0.818000000000055       0.183539909297064        1.33200239305994     
  0.817000000000055       0.183315532879831        1.32816828925779     
  0.816000000000055       0.183091156462597        1.32433873120085     
  0.815000000000055       0.182866780045364        1.32051372177590     
  0.814000000000055       0.182642403628130        1.31669326381703     
  0.813000000000055       0.182418027210897        1.31287736010572     
  0.812000000000055       0.182193650793663        1.30906601337076     
  0.811000000000055       0.181969274376430        1.30525922628825     
  0.810000000000055       0.181744897959196        1.30145700148162     
  0.809000000000055       0.181520521541962        1.29765934152158     
  0.808000000000055       0.181296145124729        1.29386624892619     
  0.807000000000055       0.181071768707495        1.29007772616076     
  0.806000000000055       0.180847392290262        1.28629377563797     
  0.805000000000055       0.180623015873028        1.28251439971781     
  0.804000000000055       0.180398639455795        1.27873960070763     
  0.803000000000055       0.180174263038561        1.27496938086217     
  0.802000000000055       0.179949886621328        1.27120374238354     
  0.801000000000055       0.179725510204094        1.26744268742134     
  0.800000000000055       0.179501133786860        1.26368621807257     
  0.799000000000055       0.179276757369627        1.25993433638182     
  0.798000000000055       0.179052380952393        1.25618704434118     
  0.797000000000055       0.178828004535160        1.25244434389040     
  0.796000000000055       0.178603628117926        1.24870623691687     
  0.795000000000055       0.178379251700693        1.24497272525571     
  0.794000000000055       0.178154875283459        1.24124381068987     
  0.793000000000055       0.177930498866225        1.23751949495007     
  0.792000000000055       0.177706122448992        1.23379977971507     
  0.791000000000055       0.177481746031758        1.23008466661158     
  0.790000000000055       0.177257369614525        1.22637415721445     
  0.789000000000055       0.177032993197291        1.22266825304670     
  0.788000000000055       0.176808616780058        1.21896695557961     
  0.787000000000055       0.176584240362824        1.21527026623289     
  0.786000000000055       0.176359863945591        1.21157818637471     
  0.785000000000055       0.176135487528357        1.20789071732180     
  0.784000000000055       0.175911111111123        1.20420786033966     
  0.783000000000055       0.175686734693890        1.20052961664256     
  0.782000000000055       0.175462358276656        1.19685598739374     
  0.781000000000055       0.175237981859423        1.19318697370549     
  0.780000000000055       0.175013605442189        1.18952257663934     
  0.779000000000055       0.174789229024956        1.18586279720612     
  0.778000000000055       0.174564852607722        1.18220763636620     
  0.777000000000055       0.174340476190489        1.17855709502952     
  0.776000000000055       0.174116099773255        1.17491117405586     
  0.775000000000055       0.173891723356021        1.17126987425490     
  0.774000000000055       0.173667346938788        1.16763319638644     
  0.773000000000055       0.173442970521554        1.16400114116054     
  0.772000000000055       0.173218594104321        1.16037370923772     
  0.771000000000055       0.172994217687087        1.15675090122911     
  0.770000000000055       0.172769841269854        1.15313271769662     
  0.769000000000055       0.172545464852620        1.14951915915317     
  0.768000000000055       0.172321088435386        1.14591022606286     
  0.767000000000055       0.172096712018153        1.14230591884114     
  0.766000000000055       0.171872335600919        1.13870623785506     
  0.765000000000055       0.171647959183686        1.13511118342344     
  0.764000000000055       0.171423582766452        1.13152075581709     
  0.763000000000055       0.171199206349219        1.12793593071363     
  0.762000000000055       0.170974829931985        1.12435472811594     
  0.761000000000055       0.170750453514752        1.12077815320833     
  0.760000000000055       0.170526077097518        1.11720620608320     
  0.759000000000055       0.170301700680284        1.11363888678545     
  0.758000000000055       0.170077324263051        1.11007619531258     
  0.757000000000055       0.169852947845817        1.10651813161508     
  0.756000000000055       0.169628571428584        1.10296469559661     
  0.755000000000055       0.169404195011350        1.09941588711434     
  0.754000000000055       0.169179818594117        1.09587170597916     
  0.753000000000055       0.168955442176883        1.09233215195602     
  0.752000000000055       0.168731065759649        1.08879722476418     
  0.751000000000055       0.168506689342416        1.08526692407751     
  0.750000000000055       0.168282312925182        1.08174124952479     
  0.749000000000055       0.168057936507949        1.07822020069001     
  0.748000000000055       0.167833560090715        1.07470377711268     
  0.747000000000055       0.167609183673482        1.07119197828810     
  0.746000000000055       0.167384807256248        1.06768480366774     
  0.745000000000055       0.167160430839015        1.06418225265951     
  0.744000000000055       0.166936054421781        1.06068432462809     
  0.743000000000055       0.166711678004547        1.05719101889526     
  0.742000000000055       0.166487301587314        1.05370233474026     
  0.741000000000055       0.166262925170080        1.05021827140008     
  0.740000000000055       0.166038548752847        1.04673882806981     
  0.739000000000055       0.165814172335613        1.04326400390303     
  0.738000000000055       0.165589795918380        1.03979379801210     
  0.737000000000055       0.165365419501146        1.03632820946855     
  0.736000000000055       0.165141043083913        1.03286723730343     
  0.735000000000055       0.164916666666679        1.02941088050766     
  0.734000000000055       0.164692290249445        1.02595913803241     
  0.733000000000055       0.164467913832212        1.02251200878947     
  0.732000000000055       0.164243537414978        1.01906949165162     
  0.731000000000055       0.164019160997745        1.01563158545300     
  0.730000000000055       0.163794784580511        1.01219828898952     
  0.729000000000055       0.163570408163278        1.00876960101919     
  0.728000000000055       0.163346031746044        1.00534552026260     
  0.727000000000055       0.163121655328811        1.00192604540324     
  0.726000000000055       0.162897278911577       0.998511175087898     
  0.725000000000055       0.162672902494343       0.995100907927126     
  0.724000000000055       0.162448526077110       0.991695242495580     
  0.723000000000055       0.162224149659876       0.988294177332449     
  0.722000000000055       0.161999773242643       0.984897710941903     
  0.721000000000055       0.161775396825409       0.981505841793439     
  0.720000000000055       0.161551020408176       0.978118568322383     
  0.719000000000055       0.161326643990942       0.974735888930244     
  0.718000000000055       0.161102267573708       0.971357801985168     
  0.717000000000055       0.160877891156475       0.967984305822388     
  0.716000000000055       0.160653514739241       0.964616053173119     
  0.715000000000055       0.160429138322008       0.961251610211741     
  0.714000000000055       0.160204761904774       0.957891756085974     
  0.713000000000055       0.159980385487541       0.954536488988632     
  0.712000000000055       0.159756009070307       0.951185807080161     
  0.711000000000055       0.159531632653074       0.947839708489087     
  0.710000000000055       0.159307256235840       0.944498191312589     
  0.709000000000055       0.159082879818606       0.941159320399837     
  0.708000000000055       0.158858503401373       0.937828893438074     
  0.707000000000055       0.158634126984139       0.934501108782068     
  0.706000000000055       0.158409750566906       0.931177897625684     
  0.705000000000055       0.158185374149672       0.927859257916835     
  0.704000000000055       0.157960997732439       0.924545187575166     
  0.703000000000055       0.157736621315205       0.921235684492536     
  0.702000000000055       0.157512244897971       0.917931529556495     
  0.701000000000055       0.157287868480738       0.914631234342511     
  0.700000000000055       0.157063492063504       0.911335497002262     
  0.699000000000055       0.156839115646271       0.908044315355045     
  0.698000000000055       0.156614739229037       0.904757687195932     
  0.697000000000055       0.156390362811804       0.901475610296216     
  0.696000000000055       0.156165986394570       0.898198082403933     
  0.695000000000055       0.155941609977337       0.894925101244293     
  0.694000000000055       0.155717233560103       0.891656664520221     
  0.693000000000055       0.155492857142869       0.888392769912784     
  0.692000000000055       0.155268480725636       0.885133415081725     
  0.691000000000055       0.155044104308402       0.881878597665884     
  0.690000000000055       0.154819727891169       0.878628315283766     
  0.689000000000055       0.154595351473935       0.875382565533944     
  0.688000000000055       0.154370975056702       0.872141345995613     
  0.687000000000055       0.154146598639468       0.868904654229017     
  0.686000000000055       0.153922222222235       0.865672487775981     
  0.685000000000055       0.153697845805001       0.862444844160375     
  0.684000000000055       0.153473469387767       0.859221720888597     
  0.683000000000055       0.153249092970534       0.856003115450065     
  0.682000000000055       0.153024716553300       0.852789025317692     
  0.681000000000055       0.152800340136067       0.849579447948374     
  0.680000000000055       0.152575963718833       0.846374380783469     
  0.679000000000055       0.152351587301600       0.843173821249280     
  0.678000000000055       0.152127210884366       0.839977766757528     
  0.677000000000055       0.151902834467132       0.836786214705833     
  0.676000000000055       0.151678458049899       0.833599162478177     
  0.675000000000055       0.151454081632665       0.830416607445373     
  0.674000000000055       0.151229705215432       0.827238546965573     
  0.673000000000055       0.151005328798198       0.824064978384678     
  0.672000000000055       0.150780952380965       0.820895899036835     
  0.671000000000055       0.150556575963731       0.817731306244886     
  0.670000000000055       0.150332199546498       0.814571197320828     
  0.669000000000055       0.150107823129264       0.811415569566275     
  0.668000000000055       0.149883446712030       0.808264420272874     
  0.667000000000055       0.149659070294797       0.805117746722772     
  0.666000000000055       0.149434693877563       0.801975546189069     
  0.665000000000055       0.149210317460330       0.798837815936216     
  0.664000000000055       0.148985941043096       0.795704553220465     
  0.663000000000055       0.148761564625863       0.792575755290288     
  0.662000000000055       0.148537188208629       0.789451419386793     
  0.661000000000055       0.148312811791396       0.786331542744140     
  0.660000000000055       0.148088435374162       0.783216122589919     
  0.659000000000055       0.147864058956928       0.780105156145581     
  0.658000000000055       0.147639682539695       0.776998640626798     
  0.657000000000055       0.147415306122461       0.773896573243874     
  0.656000000000055       0.147190929705228       0.770798951202064     
  0.655000000000055       0.146966553287994       0.767705771702007     
  0.654000000000055       0.146742176870761       0.764617031940028     
  0.653000000000055       0.146517800453527       0.761532729108495     
  0.652000000000055       0.146293424036293       0.758452860396160     
  0.651000000000055       0.146069047619060       0.755377422988480     
  0.650000000000055       0.145844671201826       0.752306414067937     
  0.649000000000055       0.145620294784593       0.749239830814319     
  0.648000000000055       0.145395918367359       0.746177670405029     
  0.647000000000055       0.145171541950126       0.743119930015347     
  0.646000000000055       0.144947165532892       0.740066606818710     
  0.645000000000055       0.144722789115659       0.737017697986946     
  0.644000000000055       0.144498412698425       0.733973200690507     
  0.643000000000055       0.144274036281191       0.730933112098712     
  0.642000000000055       0.144049659863958       0.727897429379919     
  0.641000000000055       0.143825283446724       0.724866149701751     
  0.640000000000055       0.143600907029491       0.721839270231229     
  0.639000000000055       0.143376530612257       0.718816788134955     
  0.638000000000055       0.143152154195024       0.715798700579234     
  0.637000000000055       0.142927777777790       0.712785004730198     
  0.636000000000055       0.142703401360557       0.709775697753900     
  0.635000000000055       0.142479024943323       0.706770776816392     
  0.634000000000055       0.142254648526089       0.703770239083777     
  0.633000000000055       0.142030272108856       0.700774081722252     
  0.632000000000055       0.141805895691622       0.697782301898119     
  0.631000000000055       0.141581519274389       0.694794896777755     
  0.630000000000055       0.141357142857155       0.691811863527589     
  0.629000000000055       0.141132766439922       0.688833199314058     
  0.628000000000055       0.140908390022688       0.685858901303471     
  0.627000000000055       0.140684013605454       0.682888966661949     
  0.626000000000055       0.140459637188221       0.679923392555237     
  0.625000000000055       0.140235260770987       0.676962176148544     
  0.624000000000055       0.140010884353754       0.674005314606357     
  0.623000000000055       0.139786507936520       0.671052805092179     
  0.622000000000055       0.139562131519287       0.668104644768284     
  0.621000000000055       0.139337755102053       0.665160830795393     
  0.620000000000055       0.139113378684820       0.662221360332365     
  0.619000000000055       0.138889002267586       0.659286230535802     
  0.618000000000055       0.138664625850352       0.656355438559658     
  0.617000000000055       0.138440249433119       0.653428981554777     
  0.616000000000055       0.138215873015885       0.650506856668408     
  0.615000000000055       0.137991496598652       0.647589061043701     
  0.614000000000055       0.137767120181418       0.644675591819099     
  0.613000000000055       0.137542743764185       0.641766446127750     
  0.612000000000055       0.137318367346951       0.638861621096840     
  0.611000000000055       0.137093990929717       0.635961113846884     
  0.610000000000055       0.136869614512484       0.633064921490973     
  0.609000000000055       0.136645238095250       0.630173041133977     
  0.608000000000055       0.136420861678017       0.627285469871677     
  0.607000000000055       0.136196485260783       0.624402204789871     
  0.606000000000055       0.135972108843550       0.621523242963388     
  0.605000000000055       0.135747732426316       0.618648581455096     
  0.604000000000055       0.135523356009083       0.615778217314795     
  0.603000000000055       0.135298979591849       0.612912147578103     
  0.602000000000055       0.135074603174615       0.610050369265242     
  0.601000000000055       0.134850226757382       0.607192879379762     
  0.600000000000055       0.134625850340148       0.604339674907243     
  0.599000000000055       0.134401473922915       0.601490752813855     
  0.598000000000055       0.134177097505681       0.598646110044922     
  0.597000000000055       0.133952721088448       0.595805743523362     
  0.596000000000055       0.133728344671214       0.592969650148073     
  0.595000000000055       0.133503968253981       0.590137826792246     
  0.594000000000055       0.133279591836747       0.587310270301582     
  0.593000000000055       0.133055215419513       0.584486977492446     
  0.592000000000055       0.132830839002280       0.581667945149922     
  0.591000000000055       0.132606462585046       0.578853170025789     
  0.590000000000055       0.132382086167813       0.576042648836418     
  0.589000000000055       0.132157709750579       0.573236378260540     
  0.588000000000055       0.131933333333346       0.570434354936967     
  0.587000000000055       0.131708956916112       0.567636575462182     
  0.586000000000055       0.131484580498879       0.564843036387849     
  0.585000000000055       0.131260204081645       0.562053734218187     
  0.584000000000055       0.131035827664411       0.559268665407287     
  0.583000000000055       0.130811451247178       0.556487826356286     
  0.582000000000055       0.130587074829944       0.553711213410421     
  0.581000000000055       0.130362698412711       0.550938822855994     
  0.580000000000055       0.130138321995477       0.548170650917195     
  0.579000000000055       0.129913945578244       0.545406693752820     
  0.578000000000055       0.129689569161010       0.542646947452858     
  0.577000000000055       0.129465192743776       0.539891408034919     
  0.576000000000055       0.129240816326543       0.537140071440572     
  0.575000000000055       0.129016439909309       0.534392933531529     
  0.574000000000055       0.128792063492076       0.531649990085666     
  0.573000000000055       0.128567687074842       0.528911236792932     
  0.572000000000055       0.128343310657609       0.526176669251081     
  0.571000000000055       0.128118934240375       0.523446282961261     
  0.570000000000055       0.127894557823142       0.520720073323452     
  0.569000000000055       0.127670181405908       0.517998035631728     
  0.568000000000055       0.127445804988674       0.515280165069336     
  0.567000000000055       0.127221428571441       0.512566456703657     
  0.566000000000055       0.126997052154207       0.509856905480932     
  0.565000000000055       0.126772675736974       0.507151506220821     
  0.564000000000055       0.126548299319740       0.504450253610809     
  0.563000000000055       0.126323922902507       0.501753142200349     
  0.562000000000055       0.126099546485273       0.499060166394889     
  0.561000000000055       0.125875170068039       0.496371320449632     
  0.560000000000055       0.125650793650806       0.493686598463104     
  0.559000000000055       0.125426417233572       0.491005994370520     
  0.558000000000055       0.125202040816339       0.488329501936931     
  0.557000000000055       0.124977664399105       0.485657114750093     
  0.556000000000055       0.124753287981872       0.482988826213174     
  0.555000000000055       0.124528911564638       0.480324629537169     
  0.554000000000055       0.124304535147405       0.477664517733077     
  0.553000000000055       0.124080158730171       0.475008483603843     
  0.552000000000055       0.123855782312937       0.472356519736006     
  0.551000000000055       0.123631405895704       0.469708618491097     
  0.550000000000055       0.123407029478470       0.467064771996770     
  0.549000000000055       0.123182653061237       0.464424972137613     
  0.548000000000055       0.122958276644003       0.461789210545698     
  0.547000000000055       0.122733900226770       0.459157478590801     
  0.546000000000055       0.122509523809536       0.456529767370351     
  0.545000000000055       0.122285147392303       0.453906067699005     
  0.544000000000055       0.122060770975069       0.451286276535071     
  0.543000000000055       0.121836394557835       0.448670575115358     
  0.542000000000055       0.121612018140602       0.446058855728044     
  0.541000000000055       0.121387641723368       0.443451107951767     
  0.540000000000055       0.121163265306135       0.440847321025025     
  0.539000000000055       0.120938888888901       0.438247483833615     
  0.538000000000055       0.120714512471668       0.435651584897716     
  0.537000000000055       0.120490136054434       0.433059612358541     
  0.536000000000055       0.120265759637200       0.430471553964589     
  0.535000000000055       0.120041383219967       0.427887397057445     
  0.534000000000055       0.119817006802733       0.425307128557163     
  0.533000000000055       0.119592630385500       0.422730734947164     
  0.532000000000055       0.119368253968266       0.420158202258670     
  0.531000000000055       0.119143877551033       0.417589516054658     
  0.530000000000055       0.118919501133799       0.415024661413290     
  0.529000000000055       0.118695124716566       0.412463622910826     
  0.528000000000055       0.118470748299332       0.409906384603992     
  0.527000000000055       0.118246371882098       0.407352930011796     
  0.526000000000055       0.118021995464865       0.404803242096741     
  0.525000000000055       0.117797619047631       0.402257303245459     
  0.524000000000055       0.117573242630398       0.399715095248673     
  0.523000000000055       0.117348866213164       0.397176599280563     
  0.522000000000055       0.117124489795931       0.394641795877374     
  0.521000000000055       0.116900113378697       0.392110664915383     
  0.520000000000055       0.116675736961464       0.389583185588062     
  0.519000000000055       0.116451360544230       0.387059336382464     
  0.518000000000055       0.116226984126996       0.384539128228260     
  0.517000000000055       0.116002607709763       0.382022471112152     
  0.516000000000055       0.115778231292529       0.379509375271716     
  0.515000000000055       0.115553854875296       0.376999816136166     
  0.514000000000055       0.115329478458062       0.374493768301761     
  0.513000000000055       0.115105102040829       0.371978045958099     
  0.512000000000055       0.114880725623595       0.369492100586043     
  0.511000000000055       0.114656349206361       0.366996425473237     
  0.510000000000055       0.114431972789128       0.364504151137164     
  0.509000000000055       0.114207596371894       0.362015247565742     
  0.508000000000055       0.113983219954661       0.359529683729325     
  0.507000000000055       0.113758843537427       0.357047427546186     
  0.506000000000055       0.113534467120194       0.354568445846748     
  0.505000000000055       0.113310090702960       0.352092704336597     
  0.504000000000055       0.113085714285727       0.349620167558149     
  0.503000000000055       0.112861337868493       0.347150798850965     
  0.502000000000055       0.112636961451259       0.344684560310650     
  0.501000000000055       0.112412585034026       0.342221412746237     
  0.500000000000055       0.112188208616792       0.339761315636029     
  0.499000000000055       0.111963832199559       0.337304227081803     
  0.498000000000055       0.111739455782325       0.334850103761322     
  0.497000000000055       0.111515079365092       0.332398900879103     
  0.496000000000055       0.111290702947858       0.329950572115328     
  0.495000000000055       0.111066326530625       0.327505069572903     
  0.494000000000055       0.110841950113391       0.325062343722572     
  0.493000000000055       0.110617573696157       0.322622343346138     
  0.492000000000055       0.110393197278924       0.320185015477781     
  0.491000000000055       0.110168820861690       0.317750305343648     
  0.490000000000055       0.109944444444457       0.315318156299947     
  0.489000000000055       0.109720068027223       0.312888509770042     
  0.488000000000055       0.109495691609990       0.310461305181334     
  0.487000000000055       0.109271315192756       0.308036479903200     
  0.486000000000055       0.109046938775522       0.305613969187919     
  0.485000000000055       0.108822562358289       0.303193706117302     
  0.484000000000055       0.108598185941055       0.300775621558707     
  0.483000000000055       0.108373809523822       0.298359644134362     
  0.482000000000055       0.108149433106588       0.295945686977805     
  0.481000000000055       0.107925056689355       0.293533692125064     
  0.480000000000055       0.107700680272121       0.291123572094379     
  0.479000000000055       0.107476303854888       0.288715244412613     
  0.478000000000055       0.107251927437654       0.286308623692423     
  0.477000000000055       0.107027551020420       0.283903621519273     
  0.476000000000055       0.106803174603187       0.281500146335612     
  0.475000000000055       0.106578798185953       0.279098103324081     
  0.474000000000055       0.106354421768720       0.276697394290180     
  0.473000000000055       0.106130045351486       0.274297917535073     
  0.472000000000055       0.105905668934253       0.271899567679232     
  0.471000000000055       0.105681292517019       0.269502199197674     
  0.470000000000055       0.105456916099785       0.267105806656004     
  0.469000000000055       0.105232539682552       0.264710162838789     
  0.468000000000055       0.105008163265318       0.262315181280394     
  0.467000000000055       0.104783786848085       0.259920738379613     
  0.466000000000055       0.104559410430851       0.257526707560088     
  0.465000000000055       0.104335034013618       0.255132946400003     
  0.464000000000055       0.104110657596384       0.252739322811628     
  0.463000000000055       0.103886281179151       0.250345676120565     
  0.462000000000055       0.103661904761917       0.247951856680549     
  0.461000000000055       0.103437528344683       0.245557707173535     
  0.460000000000055       0.103213151927450       0.243163070226601     
