   43.7406396472217        44.7752410700555     
   43.4071174166699        44.5175000025411     
   42.9870385526515        44.1469074250722     
   42.4258421800082        43.6379465224733     
   41.7245917116905        42.9917924090040     
   43.7074313850793        44.7440382912929     
   43.3821066246709        44.4898902253687     
   42.9615162832649        44.1192025378956     
   42.3995561139836        43.6098451904522     
   41.6990670192823        42.9641970529580     
   43.6736147373916        44.7126495367181     
   43.3576418929140        44.4628785272369     
   42.9367699084199        44.0923374634472     
   42.3736326454221        43.5823126276638     
   41.6719480583662        42.9357298509683     
   43.6393361832995        44.6809719244409     
   43.3337138110384        44.4364557204234     
   42.9128309656497        44.0663328232746     
   42.3485981978960        43.5557142118931     
   41.6457620198632        42.9082369495101     
   43.6047463070478        44.6488881470087     
   43.3103162971948        44.4106171096821     
   42.8896910298851        44.0411840984763     
   42.3244453277139        43.5300437153542     
   41.6205020263789        42.8817117847088     
   43.5699965495978        44.6162738450116     
   43.2874470260523        44.3853627450661     
   42.8673433563366        44.0168883949953     
   42.3011676074291        43.5052959269589     
   41.5961620801438        42.8561486946870     
   43.5352363354152        44.5830073500949     
   43.2651076013046        44.3606979032863     
   42.8457828844374        43.9934443972007     
   42.2787596240875        43.4814666071701     
   41.5727370657968        42.8315429170912     
   43.5006105878778        44.5489818119921     
   43.2433037058043        44.3366331292930     
   42.8250062322243        43.9708523105191     
   42.2572169764706        43.4585525298039     
   41.5502227516751        42.8078905880944     
   43.4662578311020        44.5141183525042     
   43.2220452324239        44.3131843208826     
   42.8050116808553        43.9491137947469     
   42.2365362718993        43.4365524119385     
   41.5286157924114        42.7851887429875     
   43.4323087611722        44.4783792937285     
   43.2013463436175        44.2903726684293     
   42.7857991491160        43.9282318891331     
   42.2167151227566        43.4154619636919     
   41.5079137329050        42.7634353184511     
   43.3988855753859        44.4417799413379     
   43.1812255502993        44.2682243422363     
   42.7673701579991        43.9082109306130     
   42.1977521429248        43.3952837842016     
   41.4881150137456        42.7426291566018     
   43.3661020205831        44.4043972593303     
   43.1617056363222        44.2467702998106     
   42.7497277857020        43.8890564695640     
   42.1796469443762        43.3760174438959     
   41.4692189783905        42.7227700109169     
   43.3340642019401        44.3663744954377     
   43.1428135538077        44.2260457446902     
   42.7328766136442        43.8707751696352     
   42.1624001341022        43.3576644301854     
   41.4512258807995        42.7038585541420     
   43.3028721747526        44.3279208649474     
   43.1245802707932        44.2060895811281     
   42.7168226742411        43.8533747272832     
   42.1460133118931        43.3402271510329     
   41.4341368974338        42.6858963975914     
   43.2726221095066        44.2893064324793     
   43.1070404355810        44.1869437554666     
   42.7015733355978        43.8368638166858     
   42.1304890689564        43.3237089321487     
   41.4179541381793        42.6688860602293     
   43.2434088584363        44.2508526363701     
   43.0902320506633        44.1686525288578     
   42.6871373109487        43.8212518734400     
   42.1158309879985        43.3081140169947     
   41.4026806608935        42.6528310605897     
   43.2153286324679        44.2129195756430     
   43.0741960282712        44.1512617047644     
   42.6735245079059        43.8065491709661     
   42.1020436449990        43.2934475705805     
   41.3883204876687        42.6377358687424     
   43.1884813791701        44.1758911348605     
   43.0589756674258        44.1348178374171     
   42.6607459741005        43.7927666559921     
   42.0891326130823        43.2797156870044     
   41.3748786234293        42.6236059491943     
   43.1629723941093        44.1401592326185     
   43.0446160880006        44.1193674477277     
   42.6488138140748        43.7799159027607     
   42.0771044688677        43.2669254011539     
   41.3623610768356        42.6104477815988     
   43.1389134506370        44.1061083248882     
   43.0311636132035        44.1049562722620     
   42.6377411096150        43.7680090595484     
   42.0659668016932        43.2550847058274     
   41.3507748837813        42.5982688857896     
   43.1164220248478        44.0741010585113     
   43.0186651274467        44.0916285614748     
   42.6275416121279        43.7570588087123     
   42.0557282261063        43.2442025782227     
   41.3401281336692        42.5870778498349     
   43.0956201363021        44.0444659207212     
   43.0071674269526        44.0794264927904     
   42.6182308329500        43.7470783418516     
   42.0463983980111        43.2342889823232     
   41.3304299983281        42.5768843627274     
   43.0766310306369        44.0174874449537     
   42.9967165833036        44.0683896016150     
   42.6098236647508        43.7380813513577     
   42.0379880348594        43.2253549293804     
   41.3216907643887        42.5676992490887     
   43.0595759569473        43.9933994113750     
   42.9873573392335        44.0585544230418     
   42.6023366292684        43.7300820327508     
   42.0305089402588        43.2174124999894     
   41.3139218686918        42.5595344856981     
   43.0445695454461        43.9723812577085     
   42.9791325478214        44.0499541434448     
   42.5957867239646        43.7230951436166     
   42.0239740333619        43.2104748868278     
   41.3071359372460        42.5524032993085     
   43.0317152688629        43.9545577959162     
   42.9720827175284        44.0426184719977     
   42.5901915792288        43.7171359890587     
   42.0183973833653        43.2045564430951     
   41.3013468276002        42.5463201495759     
   43.0211010794829        43.9400019896260     
   42.9662455663778        44.0365735799966     
   42.5855694733677        43.7122205376326     
   42.0137942494708        43.1996727361520     
   41.2965696751916        42.5413008118959     
   43.0127957629806        43.9287404032448     
   42.9616557438263        44.0318421786344     
   42.5819393454030        43.7083654846554     
   42.0101811268091        43.1958406058099     
   41.2928209466279        42.5373624243655     
   43.0068463979290        43.9207607090068     
   42.9583446207486        44.0284437114663     
   42.5793207637846        43.7055883755955     
   42.0075757980911        43.1930782302790     
   41.2901184919101        42.5345235529901     
   43.0032772878511        43.9160205120999     
   42.9563401971002        44.0263946545417     
   42.5777340669746        43.7039076525696     
   42.0059973919193        43.1914051964666     
   41.2884816057593        42.5328042246349     
   43.0020905467509        43.9144566961342     
   42.9556671217597        44.0257089121269     
   42.5772003420429        43.7033428699173     
   42.0054664476743        43.1908425771079     
   41.2879310928313        42.5322260478274     
   43.0032683610448        43.9159945226591     
   42.9563468240741        44.0263982957456     
   42.5777415342141        43.7039147934411     
   42.0060049873389        43.1914130139032     
   41.2884893384143        42.5328122443133     
   43.0067767610872        43.9205558190024     
   42.9583977531181        44.0284730728750     
   42.5793805448470        43.7056455678772     
   42.0076365945396        43.1931408067224     
   41.2901803850023        42.5345877432210     
   43.0125705579599        43.9280657300847     
   42.9618357178160        44.0319425708249     
   42.5821413487736        43.7085588691458     
   42.0103865010917        43.1960520092033     
   41.2930300151793        42.5375792666148     
   43.0205989737367        43.9384576759789     
   42.9666743185613        44.0368158211478     
   42.5860491299353        43.7126801513430     
   42.0142816813534        43.2001745308383     
   41.2970658412934        42.5418154051979     
   43.0308114285124        43.9516763085497     
   42.9729253596237        44.0431022301599     
   42.5911304094124        43.7180367121419     
   42.0193509547193        43.2055382457946     
   41.3023174024561        42.5473267737336     
   43.0431635007694        43.9676783985196     
   42.9805999317552        44.0508122614825     
   42.5974132934127        43.7246579697526     
   42.0256250966267        43.2121751088551     
   41.3088162694560        42.5541460474230     
   43.0576187662992        43.9864317024696     
   42.9897080187877        44.0599581169379     
   42.6049275548798        43.7325756296311     
   42.0331369584976        43.2201192789284     
   41.3165961582472        42.5623081209162     
   43.0741576784915        44.0079119679618     
   43.0002602078071        44.0705544019239     
   42.6137048892720        43.7418238754900     
   42.0419215970501        43.2294072508040     
   41.3256930518886        42.5718502247669     
   43.0927740781942        44.0320983520085     
   43.0122678506850        44.0826187648454     
   42.6237791096692        43.7524395646175     
   42.0520164138231        43.2400779946913     
   41.3361453359204        42.5828120617037     
   43.1134784082877        44.0589676516190     
   43.0257438691906        44.0961725031652     
   42.6351863656793        43.7644624320446     
   42.0634613050770        43.2521731067969     
   41.3479939402744        42.5952359540905     
   43.1362961342116        44.0884878961887     
   43.0407040314237        44.1112410995625     
   42.6479653716637        43.7779352645276     
   42.0762988233224        43.2657369688882     
   41.3612824953682        42.6091670036613     
   43.1612652641905        44.1206120184318     
   43.0571646896404        44.1278547046781     
   42.6621576432390        43.7929040845276     
   42.0905743512123        43.2808169200266     
   41.3760575010949        42.6246532647301     
   43.1884325633281        44.1552724917512     
   43.0751492751254        44.1460486121775     
   42.6778077485764        43.8094183800280     
   42.1063362890395        43.2974634418546     
   41.3923685125603        42.6417459401887     
   43.2178486374975        44.1923777978067     
   43.0946830251625        44.1658635163680     
   42.6949635254695        43.8275313106592     
   42.1236362568173        43.3157303572821     
   41.4102683379467        42.6604995488771     
   43.2495621620968        44.2318117677733     
   43.1157964464310        44.1873458632782     
   42.7136764055343        43.8472997842186     
   42.1425293127525        43.3356750459217     
   41.4298132565635        42.6809722186992     
   43.2836135299496        44.2734364255958     
   43.1385252005107        44.2105480014276     
   42.7340016073524        43.8687848086739     
   42.1630741896657        43.3573586779131     
   41.4510632551566        42.7032258524713     
   43.3200284321191        44.3170985585078     
   43.1629103665288        44.2355283094318     
   42.7559984714257        43.8920516708067     
   42.1853335514190        43.3808464680655     
   41.4740822864138        42.7273264538155     
   43.3588118359720        44.3626397368773     
   43.1889994586903        44.2623512363956     
   42.7797307037800        43.9171700816369     
   42.2093742716248        43.4062079531547     
   41.4989385510203        42.7533443728632     
   43.3999432104092        44.4099086348014     
   43.2168453240658        44.2910873631325     
   42.8052666963927        43.9442145080798     
   42.2352677372795        43.4335172957419     
   41.5257048060562        42.7813546444103     
   43.4433728632921        44.4587739613381     
   43.2465077140196        44.3218132709717     
   42.8326798388819        43.9732643986362     
   42.2630901803434        43.4628536175025     
   41.5544587028723        42.8114373296603     
   43.4890227338500        44.5091356068568     
   43.2780527362879        44.3546115677016     
   42.8620488560504        44.0044045595378     
   42.2929230406427        43.4943013641097     
   41.5852831570550        42.8436778967149     
   43.5367878523408        44.5609326321724     
   43.3115531673382        44.3895708563759     
   42.8934581717880        44.0377253398895     
   42.3248533642773        43.5279507088270     
   41.6182667569402        42.8781676388465     
   43.5865431148347        44.6141460741588     
   43.3470884145744        44.4267857257998     
   42.9269983053828        44.0733231646102     
   42.3589742417342        43.5638979999830     
   41.6535042118111        42.9150041350334     
   43.6381524836111        44.6687963664824     
   43.3847447332835        44.4663568698567     
   42.9627663072274        44.1113008817927     
   42.3953852907796        43.6022462515251     
   41.6910968449565        42.9542917578602     
   43.6914810677696        44.7249361686131     
   43.4246152788641        44.5083912758168     
   43.0008662418812        44.1517683127957     
   42.4341931902300        43.6431056897952     
   41.7311531398701        42.9961422346211     
   43.7464060640485        44.7826398962573     
   43.4668002973698        44.5530025583112     
   43.0414097273979        44.1948427251577     
   42.4755122710305        43.6865943596575     
   41.7737893440006        43.0406752682898     
   43.8028325524913        44.8419923421675     
   43.5114073922551        44.6003114665997     
   43.0845165408526        44.2406495562617     
   42.5194651722737        43.7328387984073     
   41.8191301379962        43.0880192260097     
   43.8606997786912        44.9030788400836     
   43.5585519187755        44.6504466147778     
   43.1303153010618        44.2893230937559     
   42.5661835708478        43.7819752563160     
   41.8673093790120        43.1383119039116     
   43.9199894104128        44.9659793318120     
   43.6083575256371        44.7035452737335     
   43.1789442406329        44.3410073052582     
   42.6158089946952        43.8341473546715     
   41.9184709279647        43.1917013784243     
