   1.00000000000000       7.031412489292659E-016  6.050808654123330E-008 -1.643130076445232E-015 -1.965937363124226E-007  1.007527394847330E-015  3.134963964276002E-007  1.517304800321047E-015 -3.416833504428970E-007 -5.203245242076565E-015
  2.590520390792033E-016   3.00000000000000      -3.774758283725533E-016 -1.590881697488555E-007 -1.805962786723588E-015  1.124816053336512E-007  5.773159728050815E-015  1.043094464174092E-007 -9.444297196144660E-015 -3.631828780529627E-007
  1.210161726383774E-008 -1.702341971091907E-016   5.00000000000000      -1.302661682226850E-015 -4.740370318501164E-009  4.677739677087327E-015  1.776966959946928E-007 -4.559315887793966E-015 -2.112882897679450E-007  3.019806626980663E-015
 -2.220446049250314E-016 -6.818064401947765E-008 -9.473903143468002E-016   7.00000000000000       3.789561257387201E-015 -1.250997958557321E-007 -2.842170943040387E-015 -7.641298422160030E-008  2.782959048394108E-015 -1.952674943517252E-007
 -2.184374847669091E-008 -7.253457094217689E-016 -2.633539164520471E-009  2.901382837687076E-015   9.00000000000000      -1.657933050106885E-015 -3.158948018722185E-007  2.842170943040889E-015 -2.015613607279458E-007 -2.161234154592348E-015
  7.679042586990663E-017  3.067679987811545E-008  2.161234154603638E-015  7.211195285350414E-008 -1.258252761241832E-015   11.0000000000000       3.079018521627609E-015  2.144464303910354E-007 -2.013204417973039E-015 -5.112447811909485E-007
  2.411510702238218E-008  1.273055734903513E-015  6.834488307146578E-008 -1.391479524196855E-015 -5.363738475594459E-008  2.901382837687505E-015   13.0000000000000      -7.993605777157525E-016 -7.196153704036590E-007 -3.197442310588407E-015
  1.406282497858532E-016  2.086188833905212E-008 -1.687538997430235E-015 -3.565939521443796E-008  1.657933050107194E-015 -1.924198658187493E-007 -5.625129991309672E-016   15.0000000000000      -9.473903140054110E-016  5.423849103181055E-008
 -2.009902068481987E-008 -1.657933050106899E-015 -6.214361458016053E-008  1.125025998286982E-015 -1.067089558492995E-007 -9.473903143377987E-016 -5.502941036183984E-007 -1.657933049805675E-015   17.0000000000000       2.960594739300527E-015
 -3.108624468950437E-016 -5.734466580105865E-008  6.809367884368250E-016 -7.194065399692327E-008 -1.450691418838190E-015 -2.959838103944180E-007 -2.250051996346463E-015 -6.159683305639874E-007  2.960594738567182E-015   19.0000000000002     
