   14.1833633440607       0.000000000000000E+000
   22.2051432019711       0.000000000000000E+000
   23.8012226920420       0.000000000000000E+000
   24.9104508262902       0.000000000000000E+000
   30.2347829078392       0.000000000000000E+000
   31.7486702264507       0.000000000000000E+000
   32.9783437333671       0.000000000000000E+000
   33.4190820400234       0.000000000000000E+000
   34.6473895735831       0.000000000000000E+000
   35.5388183355858       0.000000000000000E+000
   36.8625565998179       0.000000000000000E+000
   37.9137857907160       0.000000000000000E+000
   39.3572411211743       0.000000000000000E+000
   39.8004947616594       0.000000000000000E+000
   41.0709721285988       0.000000000000000E+000
   41.5403529507919       0.000000000000000E+000
   41.8429862471964       0.000000000000000E+000
   41.9307636841289       0.000000000000000E+000
   42.4919645290150       0.000000000000000E+000
   43.5461205596547       0.000000000000000E+000
   43.6016375555559       0.000000000000000E+000
   44.1702034558253       0.000000000000000E+000
   44.5636398239076       0.000000000000000E+000
   45.0612296237613       0.000000000000000E+000
   45.6966637700661       0.000000000000000E+000
   46.8037017496587       0.000000000000000E+000
   47.0353518916165       0.000000000000000E+000
   47.3428261874805       0.000000000000000E+000
   47.5026497462499       0.000000000000000E+000
   47.9968794221708       0.000000000000000E+000
   48.8019083932856       0.000000000000000E+000
   48.9012664377427       0.000000000000000E+000
   49.3061232727681       0.000000000000000E+000
   50.1413725725968       0.000000000000000E+000
   50.6797893427847       0.000000000000000E+000
   50.8678500331704       0.000000000000000E+000
   51.5789503609077       0.000000000000000E+000
   51.6627513483578       0.000000000000000E+000
   52.3181869519112       0.000000000000000E+000
   53.2296454654501       0.000000000000000E+000
   53.4257984166404       0.000000000000000E+000
   53.6517977511568       0.000000000000000E+000
   53.7245568788104       0.000000000000000E+000
   53.8856638584740       0.000000000000000E+000
   54.6500408876161       0.000000000000000E+000
   55.2759211617554       0.000000000000000E+000
   55.9507245530532       0.000000000000000E+000
   56.4008902760056       0.000000000000000E+000
   56.4144875614053       0.000000000000000E+000
   57.1644364130417       0.000000000000000E+000
   57.2172084022606       0.000000000000000E+000
   57.2209522120804       0.000000000000000E+000
   58.3422523098459       0.000000000000000E+000
   58.4466974803498       0.000000000000000E+000
   59.4414497244717       0.000000000000000E+000
   59.7153224586963       0.000000000000000E+000
   59.7637587450685       0.000000000000000E+000
   60.0248154883758       0.000000000000000E+000
   61.0813575383132       0.000000000000000E+000
   61.3044311048503       0.000000000000000E+000
   61.8462398277665       0.000000000000000E+000
   62.0105475442684       0.000000000000000E+000
   62.0638665175756       0.000000000000000E+000
   62.3817716704943       0.000000000000000E+000
   62.5021554804227       0.000000000000000E+000
   62.9952269452022       0.000000000000000E+000
   63.0179124523371       0.000000000000000E+000
   63.0811806836186       0.000000000000000E+000
   63.0829771498099       0.000000000000000E+000
   63.4586977801013       0.000000000000000E+000
   64.0306954370400       0.000000000000000E+000
   64.0618240618340       0.000000000000000E+000
   64.5744256904764       0.000000000000000E+000
   65.0673882970944       0.000000000000000E+000
   65.1222520525430       0.000000000000000E+000
   65.2847027068587       0.000000000000000E+000
   66.4201751537010       0.000000000000000E+000
   66.7191976838165       0.000000000000000E+000
   66.9981423256475       0.000000000000000E+000
   67.2531200518419       0.000000000000000E+000
   67.4404953601303       0.000000000000000E+000
   67.9015551721392       0.000000000000000E+000
   68.3413099778300       0.000000000000000E+000
   68.4969146397942       0.000000000000000E+000
   68.6761143652215       0.000000000000000E+000
   68.6916190966473       0.000000000000000E+000
   69.0555510280086       0.000000000000000E+000
   69.5264354741362       0.000000000000000E+000
   69.6154064929359       0.000000000000000E+000
   69.9065181860692       0.000000000000000E+000
   69.9108384945551       0.000000000000000E+000
   70.1319699988340       0.000000000000000E+000
   70.7873783367044       0.000000000000000E+000
   70.8044264550672       0.000000000000000E+000
   71.4077935252969       0.000000000000000E+000
   72.0778637519924       0.000000000000000E+000
   72.1620493356923       0.000000000000000E+000
   72.3627573527926       0.000000000000000E+000
   72.4977733569414       0.000000000000000E+000
   73.1166537892105       0.000000000000000E+000
   73.8913049589881       0.000000000000000E+000
   74.0612575647986       0.000000000000000E+000
   74.1090542495541       0.000000000000000E+000
   74.1735869188127       0.000000000000000E+000
   74.1939543950235       0.000000000000000E+000
   75.0048699325381       0.000000000000000E+000
   75.9354795373841       0.000000000000000E+000
   76.2378957408662       0.000000000000000E+000
   76.3174019542020       0.000000000000000E+000
   77.0528336908896       0.000000000000000E+000
   77.3289679655480       0.000000000000000E+000
   78.1975948625201       0.000000000000000E+000
   78.6840159642835       0.000000000000000E+000
   80.3222307050041       0.000000000000000E+000
   80.4858960135424       0.000000000000000E+000
   80.6497122606677       0.000000000000000E+000
   81.1923241500560       0.000000000000000E+000
   83.3637308711528       0.000000000000000E+000
   83.6356772768028       0.000000000000000E+000
   84.3624663984352       0.000000000000000E+000
