  -10.0000000000000       1.448733279688573E-022 -2.048818252396834E-021  2.038574161310170E-020 -1.647760301088337E-019  1.147487912874487E-018 -7.109970624402797E-018  4.000192616555916E-017 -2.072367355165037E-016  9.987653008645814E-016 -4.512840111601318E-015
  -9.80000000000000       1.049280279883361E-021 -1.454228274490853E-020  1.417724177115307E-019 -1.122541879874750E-018  7.656039846077773E-018 -4.644859462202293E-017  2.558186880452294E-016 -1.297057194233140E-015  6.116283773839118E-015 -2.703291219498658E-014
  -9.60000000000000       7.301680166108972E-021 -9.913089714261063E-020  9.464935450979132E-019 -7.338023895522252E-018  4.899247054765318E-017 -2.908980386264835E-016  1.567596781898750E-015 -7.774671709996861E-015  3.585207164575718E-014 -1.549179242613874E-013
  -9.40000000000000       4.881826284188835E-020 -6.489708243834344E-019  6.065806025093818E-018 -4.602559039404881E-017  3.006699244941403E-016 -1.746340817349845E-015  9.203080367672421E-015 -4.462418429199101E-014  2.011249725125133E-013 -8.491533955016015E-013
  -9.20000000000000       3.135956701347350E-019 -4.080119498215399E-018  3.731535376247367E-017 -2.769728968798434E-016  1.769498561285811E-015 -1.004825612972669E-014  5.175721928748811E-014 -2.452187785488995E-013  1.079591934451638E-012 -4.450911087795397E-012
  -9.00000000000000       1.935468086567946E-018 -2.463448695808224E-017  2.203418000373801E-016 -1.599060962187668E-015  9.985540056119221E-015 -5.540844685200649E-014  2.787952259756163E-013 -1.289902595520042E-012  5.543772618094962E-012 -2.230410343503617E-011
  -8.80000000000000       1.147704785611319E-017 -1.428327712602589E-016  1.248812888862109E-015 -8.856310321352090E-015  5.402723867686325E-014 -2.927731439703341E-013  1.438167454300187E-012 -6.493793725483568E-012  2.722740988333657E-011 -1.068266846914361E-010
  -8.60000000000000       6.538868311471876E-017 -7.952726373843460E-016  6.793107901053409E-015 -4.705098721275554E-014  2.802396163217129E-013 -1.482172540661318E-012  7.103478748921385E-012 -3.128170915222929E-011  1.278666532283317E-010 -4.888888198145623E-010
  -8.40000000000000       3.579342113842897E-016 -4.252041495886639E-015  3.546405086169086E-014 -2.397609432354092E-013  1.393394577717614E-012 -7.188136211057384E-012  3.358861853908232E-011 -1.441576021283133E-010  5.740426523588652E-010 -2.137179840932822E-009
  -8.20000000000000       1.882487279531950E-015 -2.183036014201311E-014  1.776778336664342E-013 -1.171777003236331E-012  6.640412498337498E-012 -3.339000887945112E-011  1.520155514184258E-010 -6.353838452502035E-010  2.462876233676556E-009 -8.921244487223340E-009
  -8.00000000000000       9.512378243257528E-015 -1.076202745763004E-013  8.542359295644998E-013 -5.491974136932401E-012  3.032750723205795E-011 -1.485342268321276E-010  6.583651066208788E-010 -2.677771641881350E-009  1.009524238353471E-008 -3.554691585938275E-008
  -7.80000000000000       4.618217603079175E-014 -5.094293855246495E-013  3.940893477809822E-012 -2.468231582672829E-011  1.327207427883115E-010 -6.326552161903390E-010  2.727899633402031E-009 -1.078763984057818E-008  3.952007885068320E-008 -1.351428774720995E-007
  -7.60000000000000       2.154209290062921E-013 -2.315349115589795E-012  1.744432768137953E-011 -1.063581029987317E-010  5.564624419176406E-010 -2.579597320008154E-009  1.081093877961591E-008 -4.152979977177192E-008  1.477005316032015E-007 -4.900082363645690E-007
  -7.40000000000000       9.654496230495680E-013 -1.010360443521472E-011  7.408399685692005E-011 -4.393714842233887E-010  2.234892291921791E-009 -1.006669215435379E-008  4.096868671097190E-008 -1.527303168703392E-007  5.267794739920441E-007 -1.693618544459158E-006
  -7.20000000000000       4.157187003507608E-012 -4.232988174010770E-011  3.018355734582433E-010 -1.739861333893656E-009  8.596530512458364E-009 -3.758966834111370E-008  1.484097940554010E-007 -5.363630055832779E-007  1.792082165516599E-006 -5.576840674829108E-006
  -7.00000000000000       1.719878332615867E-011 -1.702592684531889E-010  1.179653503062370E-009 -6.603265247886554E-009  3.166288556029914E-008 -1.342714300129471E-007  5.137473956203282E-007 -1.797955547355022E-006  5.812277717338649E-006 -1.748440919120470E-005
  -6.80000000000000       6.836347183407780E-011 -6.574277334629147E-010  4.422168313855796E-009 -2.401587258202708E-008  1.116464372093981E-007 -4.586771173498012E-007  1.698839240297673E-006 -5.750208338071225E-006  1.796158970516541E-005 -5.215543876216059E-005
  -6.60000000000000       2.610830731122292E-010 -2.436899671148982E-009  1.589892422129213E-008 -8.368763364098613E-008  3.767933434220226E-007 -1.497960733390103E-006  5.364033320612924E-006 -1.753665415713064E-005  5.285336484848713E-005 -1.479073636848246E-004
  -6.40000000000000       9.579912501424882E-010 -8.670746998952085E-009  5.481537869559346E-008 -2.793624079017735E-007  1.216778429813639E-006 -4.675303464068599E-006  1.616467969323770E-005 -5.096997235731427E-005  1.479832378092713E-004 -3.984088397714220E-004
  -6.20000000000000       3.377322937960381E-009 -2.961278660093938E-008  1.812111490150065E-007 -8.931626184084558E-007  3.758746878230217E-006 -1.394002066891256E-005  4.646805224209307E-005 -1.410910044581090E-004  3.939152298269253E-004 -1.018277329707220E-003
  -6.00000000000000       1.143962682793732E-008 -9.706845245133638E-008  5.743216771421782E-007 -2.734334052008865E-006  1.110341974780638E-005 -3.968885276784282E-005  1.273502297142783E-004 -3.716846284915061E-004  9.959286500835420E-004 -2.466483978461888E-003
  -5.80000000000000       3.722882643952379E-008 -3.053671653196499E-007  1.744804803673494E-006 -8.013506252712253E-006  3.135410149426130E-005 -1.078469368616957E-004  3.325174083494717E-004 -9.310337167617910E-004  2.388956215275547E-003 -5.653968597489747E-003
  -5.60000000000000       1.164059167841092E-007 -9.218878270367424E-007  5.080260419686176E-006 -2.247616718605167E-005  8.460144679877917E-005 -2.795339622173155E-004  8.265482441047516E-004 -2.215330110191977E-003  5.429759200301085E-003 -1.224519972319311E-002
  -5.40000000000000       3.497027001891572E-007 -2.670593227592392E-006  1.417392628252788E-005 -6.031346636049923E-005  2.180245497143060E-004 -6.906644923138551E-004  1.954250508594495E-003 -5.001359435911300E-003  1.167563646106934E-002 -2.500599126360008E-002
  -5.20000000000000       1.009371728694655E-006 -7.422829378618975E-006  3.788497918693572E-005 -1.547906560391732E-004  5.363489634491304E-004 -1.625478748960046E-003  4.390429700691428E-003 -1.069837270330718E-002  2.370889797908566E-002 -4.803118223480771E-002
  -5.00000000000000       2.799184392909596E-006 -1.979322266017925E-005  9.698679106875298E-005 -3.797858172982341E-004  1.258752610660735E-003 -3.640834502690792E-003  9.361105217631800E-003 -2.164784825348531E-002  4.536310825778737E-002 -8.651208440428183E-002
  -4.80000000000000       7.458304327999382E-006 -5.062864863822086E-005  2.377436959872363E-004 -8.904230715568904E-004  2.816304045090440E-003 -7.753279354232095E-003  1.891559589593272E-002 -4.135375228446792E-002  8.155508519126291E-002 -0.145549400381260     
  -4.60000000000000       1.909312049192323E-005 -1.242080497594268E-004  5.578561541505703E-004 -1.993827703918823E-003  6.002188221328801E-003 -1.567880517527850E-002  3.616072376223932E-002 -7.439635829157994E-002  0.137286363293724      -0.227558537042477     
  -4.40000000000000       4.696149856362891E-005 -2.922197879834139E-004  1.252560273606307E-003 -4.261332729093134E-003  1.217340698914438E-002 -3.006475799635861E-002  6.526199341384852E-002 -0.125655054780989       0.215394113811149      -0.328297417373313     
  -4.20000000000000       1.109775675230891E-004 -6.591731206633800E-004  2.690054117574039E-003 -8.686751337093349E-003  2.346868010158721E-002 -5.457049904674669E-002  0.110902551572574      -0.198453145230341       0.313011764143354      -0.432628254453068     
  -4.00000000000000       2.519745490309146E-004 -1.425383298449455E-003  5.523360284540938E-003 -1.687539851818972E-002  4.294746467493601E-002 -9.355563136903838E-002  0.176851983219749      -0.291509760226201       0.417589633300408      -0.512576525154319     
  -3.80000000000000       5.496754903223571E-004 -2.953962426608241E-003  1.083637796110430E-002 -3.120998879926454E-002  7.447684150783183E-002 -0.151077441317474       0.263465740790267      -0.395277242570153       0.504577119924538      -0.531196794894326     
  -3.60000000000000       1.152084381613733E-003 -5.865456086914900E-003  2.030099524809754E-002 -5.488337053937350E-002  0.122129075246545      -0.228979174986249       0.364436193786916      -0.489284096711428       0.539812520052117      -0.454790752287592     
  -3.40000000000000       2.320013042709104E-003 -1.115537929359773E-002  3.628779267136734E-002 -9.162979001134844E-002  0.188866806240838      -0.324173337133036       0.463938296139066      -0.543024335972694       0.489166820354177      -0.272056276041061     
  -3.20000000000000       4.488743450746313E-003 -2.031373397138829E-002  6.182992782973415E-002 -0.144962464013244       0.274466324974435      -0.425822417943220       0.536163467353689      -0.522857611809760       0.335037164786496      -1.244682333683483E-002
  -3.00000000000000       8.344251073246413E-003 -3.540165910689400E-002  0.100304700903845      -0.216790001345040       0.373014622590923      -0.513842615143092       0.549487306040756      -0.405414131345880       9.412287268662989E-002  0.249118267048385     
  -2.80000000000000       1.490315309264565E-002 -5.901347543207763E-002  0.154699610777299      -0.305488466484974       0.470862514948140      -0.560601699048135       0.476421208888795      -0.194025646253640      -0.174015342058226       0.412617667324068     
  -2.60000000000000       2.557391297517144E-002 -9.403413388833547E-002  0.226405261132940      -0.403855164605212       0.546405982152425      -0.537282427862864       0.307722256842624       6.976726851750087E-002 -0.378545271284493       0.398187463914496     
  -2.40000000000000       4.216425429719917E-002 -0.143110224658673       0.313649909553847      -0.497776775639669       0.573126415879696      -0.424719655617245       6.531836596637475E-002  0.309420074711417      -0.432403828056653       0.197485041207908     
  -2.20000000000000       6.679129832888499E-002 -0.207805751879476       0.409944074970522      -0.566706766205627       0.526566857438888      -0.225788333391498      -0.193897882850837       0.437053491649958      -0.299383974132415      -0.101569875725499     
  -2.00000000000000       0.101653788306418      -0.287520332179080       0.503160582543564      -0.586898413894116       0.394249857819552       2.624688629318606E-002 -0.390206533434248       0.392848435698313      -2.784363554411257E-002 -0.344129827272630     
  -1.80000000000000       0.148646768098084      -0.378392895805030       0.575998076524300      -0.537584311269846       0.185404163677215       0.269762219533833      -0.449595195950519       0.182822445175550       0.256017608059117      -0.389604799112189     
  -1.60000000000000       0.208840918684468      -0.472553055331251       0.608412061266298      -0.408988220484354      -6.418294096069110E-002  0.430758750536184      -0.339327147050202      -0.108600331612015       0.404291756086253      -0.202546563492174     
  -1.40000000000000       0.281905753468493      -0.558144915812609       0.582065415616094      -0.209632758409774      -0.296557584497929       0.450084515836079      -9.308018095002502E-002 -0.347042467640838       0.329998266532094       0.109407033025140     
  -1.20000000000000       0.365612053277473      -0.620464229174492       0.486030317277849       3.039642940375370E-002 -0.446706819843658       0.311839246646260       0.191737108525115      -0.411692400915545       6.766179322976792E-002  0.349872029214530     
  -1.00000000000000       0.455580672011333      -0.644288365113475       0.322144188070001       0.263029638265999      -0.464975086413776       5.881520797321499E-002  0.390505269704285      -0.263186149155525      -0.233691167777428       0.358297354984611     
 -0.799999999999999       0.545429090834670      -0.617082574056973       0.107989457060543       0.433307412230499      -0.338637299098036      -0.216223500386182       0.409001507670061       2.528766397962409E-002 -0.392700954802833       0.124255365995537     
 -0.600000000000000       0.627392792321639      -0.532360437501833      -0.124217427824627       0.495524355926129      -0.102657733232979      -0.404254581662595       0.233751156725136       0.299299872829915      -0.308444153759496      -0.194941446269336     
 -0.399999999999999       0.693376268284151      -0.392232848974035      -0.333397913236958       0.429144094268117       0.167350777584457      -0.426174912203803      -5.434878212363702E-002  0.406181563450884      -3.039768068914401E-002 -0.377219810422226     
 -0.199999999999999       0.736252262171351      -0.208243586898119      -0.478960240955832       0.248244062718289       0.379684716598208      -0.270062976929143      -0.315418959005475       0.283749440691884       0.266672483977117      -0.292663662190798     
  0.000000000000000E+000  0.751125544464943       0.000000000000000E+000 -0.531125956923765       0.000000000000000E+000  0.459968563049677       0.000000000000000E+000 -0.419891936152792       0.000000000000000E+000  0.392772952551385       0.000000000000000E+000
  0.200000000000001       0.736252262171351       0.208243586898120      -0.478960240955831      -0.248244062718291       0.379684716598206       0.270062976929145      -0.315418959005474      -0.283749440691886       0.266672483977115       0.292663662190800     
  0.400000000000000       0.693376268284150       0.392232848974037      -0.333397913236956      -0.429144094268118       0.167350777584454       0.426174912203804      -5.434878212363435E-002 -0.406181563450884      -3.039768068914687E-002  0.377219810422226     
  0.600000000000001       0.627392792321639       0.532360437501834      -0.124217427824625      -0.495524355926129      -0.102657733232981       0.404254581662594       0.233751156725139      -0.299299872829913      -0.308444153759498       0.194941446269333     
  0.800000000000001       0.545429090834669       0.617082574056974       0.107989457060545      -0.433307412230497      -0.338637299098037       0.216223500386180       0.409001507670061      -2.528766397962143E-002 -0.392700954802833      -0.124255365995540     
   1.00000000000000       0.455580672011333       0.644288365113475       0.322144188070001      -0.263029638265999      -0.464975086413776      -5.881520797321499E-002  0.390505269704285       0.263186149155525      -0.233691167777428      -0.358297354984611     
   1.20000000000000       0.365612053277472       0.620464229174492       0.486030317277850      -3.039642940375148E-002 -0.446706819843657      -0.311839246646262       0.191737108525113       0.411692400915545       6.766179322977067E-002 -0.349872029214528     
   1.40000000000000       0.281905753468493       0.558144915812609       0.582065415616094       0.209632758409774      -0.296557584497929      -0.450084515836079      -9.308018095002502E-002  0.347042467640838       0.329998266532094      -0.109407033025140     
   1.60000000000000       0.208840918684468       0.472553055331250       0.608412061266298       0.408988220484356      -6.418294096068872E-002 -0.430758750536183      -0.339327147050204       0.108600331612012       0.404291756086252       0.202546563492177     
   1.80000000000000       0.148646768098084       0.378392895805029       0.575998076524300       0.537584311269847       0.185404163677217      -0.269762219533831      -0.449595195950520      -0.182822445175553       0.256017608059115       0.389604799112190     
   2.00000000000000       0.101653788306418       0.287520332179080       0.503160582543564       0.586898413894116       0.394249857819552      -2.624688629318606E-002 -0.390206533434248      -0.392848435698313      -2.784363554411257E-002  0.344129827272630     
   2.20000000000000       6.679129832888475E-002  0.207805751879476       0.409944074970522       0.566706766205627       0.526566857438889       0.225788333391500      -0.193897882850834      -0.437053491649958      -0.299383974132417       0.101569875725496     
   2.40000000000000       4.216425429719908E-002  0.143110224658673       0.313649909553847       0.497776775639669       0.573126415879696       0.424719655617246       6.531836596637608E-002 -0.309420074711416      -0.432403828056653      -0.197485041207910     
   2.60000000000000       2.557391297517132E-002  9.403413388833506E-002  0.226405261132939       0.403855164605211       0.546405982152424       0.537282427862865       0.307722256842626      -6.976726851749848E-002 -0.378545271284492      -0.398187463914497     
   2.80000000000000       1.490315309264561E-002  5.901347543207749E-002  0.154699610777298       0.305488466484974       0.470862514948140       0.560601699048134       0.476421208888796       0.194025646253642      -0.174015342058225      -0.412617667324067     
   3.00000000000000       8.344251073246413E-003  3.540165910689400E-002  0.100304700903845       0.216790001345040       0.373014622590923       0.513842615143092       0.549487306040756       0.405414131345880       9.412287268662989E-002 -0.249118267048385     
   3.20000000000000       4.488743450746285E-003  2.031373397138818E-002  6.182992782973385E-002  0.144962464013243       0.274466324974434       0.425822417943219       0.536163467353688       0.522857611809761       0.335037164786498       1.244682333683739E-002
   3.40000000000000       2.320013042709098E-003  1.115537929359771E-002  3.628779267136727E-002  9.162979001134829E-002  0.188866806240838       0.324173337133035       0.463938296139066       0.543024335972695       0.489166820354178       0.272056276041062     
   3.60000000000000       1.152084381613725E-003  5.865456086914867E-003  2.030099524809744E-002  5.488337053937325E-002  0.122129075246545       0.228979174986249       0.364436193786915       0.489284096711428       0.539812520052117       0.454790752287593     
   3.80000000000000       5.496754903223555E-004  2.953962426608234E-003  1.083637796110428E-002  3.120998879926448E-002  7.447684150783167E-002  0.151077441317474       0.263465740790266       0.395277242570152       0.504577119924538       0.531196794894327     
   4.00000000000000       2.519745490309146E-004  1.425383298449455E-003  5.523360284540938E-003  1.687539851818972E-002  4.294746467493601E-002  9.355563136903838E-002  0.176851983219749       0.291509760226201       0.417589633300408       0.512576525154319     
   4.20000000000000       1.109775675230883E-004  6.591731206633754E-004  2.690054117574022E-003  8.686751337093295E-003  2.346868010158707E-002  5.457049904674640E-002  0.110902551572573       0.198453145230340       0.313011764143353       0.432628254453067     
   4.40000000000000       4.696149856362874E-005  2.922197879834130E-004  1.252560273606303E-003  4.261332729093124E-003  1.217340698914435E-002  3.006475799635856E-002  6.526199341384842E-002  0.125655054780989       0.215394113811149       0.328297417373313     
   4.60000000000000       1.909312049192306E-005  1.242080497594258E-004  5.578561541505658E-004  1.993827703918808E-003  6.002188221328759E-003  1.567880517527839E-002  3.616072376223908E-002  7.439635829157949E-002  0.137286363293723       0.227558537042476     
   4.80000000000000       7.458304327999356E-006  5.062864863822069E-005  2.377436959872356E-004  8.904230715568879E-004  2.816304045090433E-003  7.753279354232078E-003  1.891559589593269E-002  4.135375228446785E-002  8.155508519126281E-002  0.145549400381260     
   5.00000000000000       2.799184392909596E-006  1.979322266017925E-005  9.698679106875298E-005  3.797858172982341E-004  1.258752610660735E-003  3.640834502690792E-003  9.361105217631800E-003  2.164784825348531E-002  4.536310825778737E-002  8.651208440428183E-002
   5.20000000000000       1.009371728694646E-006  7.422829378618911E-006  3.788497918693540E-005  1.547906560391719E-004  5.363489634491263E-004  1.625478748960034E-003  4.390429700691399E-003  1.069837270330712E-002  2.370889797908553E-002  4.803118223480746E-002
   5.40000000000000       3.497027001891553E-007  2.670593227592378E-006  1.417392628252781E-005  6.031346636049893E-005  2.180245497143049E-004  6.906644923138519E-004  1.954250508594487E-003  5.001359435911278E-003  1.167563646106930E-002  2.500599126359999E-002
   5.60000000000000       1.164059167841080E-007  9.218878270367328E-007  5.080260419686125E-006  2.247616718605146E-005  8.460144679877838E-005  2.795339622173130E-004  8.265482441047445E-004  2.215330110191959E-003  5.429759200301046E-003  1.224519972319303E-002
   5.80000000000000       3.722882643952366E-008  3.053671653196489E-007  1.744804803673489E-006  8.013506252712233E-006  3.135410149426123E-005  1.078469368616955E-004  3.325174083494711E-004  9.310337167617894E-004  2.388956215275543E-003  5.653968597489740E-003
   6.00000000000000       1.143962682793732E-008  9.706845245133638E-008  5.743216771421782E-007  2.734334052008865E-006  1.110341974780638E-005  3.968885276784282E-005  1.273502297142783E-004  3.716846284915061E-004  9.959286500835420E-004  2.466483978461888E-003
   6.20000000000000       3.377322937960381E-009  2.961278660093938E-008  1.812111490150065E-007  8.931626184084558E-007  3.758746878230217E-006  1.394002066891256E-005  4.646805224209307E-005  1.410910044581090E-004  3.939152298269253E-004  1.018277329707220E-003
   6.40000000000000       9.579912501424778E-010  8.670746998951993E-009  5.481537869559289E-008  2.793624079017708E-007  1.216778429813627E-006  4.675303464068554E-006  1.616467969323755E-005  5.096997235731382E-005  1.479832378092700E-004  3.984088397714188E-004
   6.60000000000000       2.610830731122264E-010  2.436899671148957E-009  1.589892422129197E-008  8.368763364098529E-008  3.767933434220190E-007  1.497960733390088E-006  5.364033320612874E-006  1.753665415713048E-005  5.285336484848667E-005  1.479073636848234E-004
   6.80000000000000       6.836347183407733E-011  6.574277334629102E-010  4.422168313855767E-009  2.401587258202692E-008  1.116464372093974E-007  4.586771173497985E-007  1.698839240297664E-006  5.750208338071195E-006  1.796158970516531E-005  5.215543876216033E-005
   7.00000000000000       1.719878332615867E-011  1.702592684531889E-010  1.179653503062370E-009  6.603265247886554E-009  3.166288556029914E-008  1.342714300129471E-007  5.137473956203282E-007  1.797955547355022E-006  5.812277717338649E-006  1.748440919120470E-005
   7.20000000000000       4.157187003507608E-012  4.232988174010770E-011  3.018355734582433E-010  1.739861333893656E-009  8.596530512458364E-009  3.758966834111370E-008  1.484097940554010E-007  5.363630055832779E-007  1.792082165516599E-006  5.576840674829108E-006
   7.40000000000000       9.654496230495542E-013  1.010360443521458E-011  7.408399685691905E-011  4.393714842233827E-010  2.234892291921762E-009  1.006669215435366E-008  4.096868671097139E-008  1.527303168703374E-007  5.267794739920378E-007  1.693618544459138E-006
   7.60000000000000       2.154209290062898E-013  2.315349115589771E-012  1.744432768137935E-011  1.063581029987306E-010  5.564624419176352E-010  2.579597320008130E-009  1.081093877961581E-008  4.152979977177155E-008  1.477005316032003E-007  4.900082363645649E-007
   7.80000000000000       4.618217603079143E-014  5.094293855246460E-013  3.940893477809795E-012  2.468231582672812E-011  1.327207427883106E-010  6.326552161903348E-010  2.727899633402013E-009  1.078763984057811E-008  3.952007885068296E-008  1.351428774720987E-007
   8.00000000000000       9.512378243257528E-015  1.076202745763004E-013  8.542359295644998E-013  5.491974136932401E-012  3.032750723205795E-011  1.485342268321276E-010  6.583651066208788E-010  2.677771641881350E-009  1.009524238353471E-008  3.554691585938275E-008
   8.20000000000000       1.882487279531950E-015  2.183036014201311E-014  1.776778336664342E-013  1.171777003236331E-012  6.640412498337498E-012  3.339000887945112E-011  1.520155514184258E-010  6.353838452502035E-010  2.462876233676556E-009  8.921244487223340E-009
   8.40000000000000       3.579342113842845E-016  4.252041495886579E-015  3.546405086169037E-014  2.397609432354059E-013  1.393394577717595E-012  7.188136211057290E-012  3.358861853908189E-011  1.441576021283115E-010  5.740426523588582E-010  2.137179840932797E-009
   8.60000000000000       6.538868311471783E-017  7.952726373843350E-016  6.793107901053316E-015  4.705098721275491E-014  2.802396163217092E-013  1.482172540661299E-012  7.103478748921293E-012  3.128170915222889E-011  1.278666532283301E-010  4.888888198145563E-010
   8.80000000000000       1.147704785611319E-017  1.428327712602589E-016  1.248812888862109E-015  8.856310321352090E-015  5.402723867686325E-014  2.927731439703341E-013  1.438167454300187E-012  6.493793725483568E-012  2.722740988333657E-011  1.068266846914361E-010
   9.00000000000000       1.935468086567946E-018  2.463448695808224E-017  2.203418000373801E-016  1.599060962187668E-015  9.985540056119221E-015  5.540844685200649E-014  2.787952259756163E-013  1.289902595520042E-012  5.543772618094962E-012  2.230410343503617E-011
   9.20000000000000       3.135956701347239E-019  4.080119498215255E-018  3.731535376247237E-017  2.769728968798338E-016  1.769498561285750E-015  1.004825612972635E-014  5.175721928748637E-014  2.452187785488914E-013  1.079591934451603E-012  4.450911087795254E-012
   9.40000000000000       4.881826284188765E-020  6.489708243834253E-019  6.065806025093733E-018  4.602559039404817E-017  3.006699244941362E-016  1.746340817349821E-015  9.203080367672299E-015  4.462418429199044E-014  2.011249725125107E-013  8.491533955015910E-013
   9.60000000000000       7.301680166108869E-021  9.913089714260927E-020  9.464935450979005E-019  7.338023895522154E-018  4.899247054765253E-017  2.908980386264798E-016  1.567596781898730E-015  7.774671709996765E-015  3.585207164575673E-014  1.549179242613855E-013
   9.80000000000000       1.049280279883361E-021  1.454228274490853E-020  1.417724177115307E-019  1.122541879874750E-018  7.656039846077773E-018  4.644859462202293E-017  2.558186880452294E-016  1.297057194233140E-015  6.116283773839118E-015  2.703291219498658E-014
   10.0000000000000       1.448733279688573E-022  2.048818252396834E-021  2.038574161310170E-020  1.647760301088337E-019  1.147487912874487E-018  7.109970624402797E-018  4.000192616555916E-017  2.072367355165037E-016  9.987653008645814E-016  4.512840111601318E-015
