  0.500000000000000       6.217248937900877E-016 -0.707106726729270      -1.361873576873525E-015 -1.852994236273275E-007  6.513308411134252E-016  2.917734171011451E-007  1.657933050106900E-015 -3.228454059941063E-007 -5.092222939614058E-015
  1.776356839400251E-016   1.50000000000000       4.440892098500627E-017  -1.22474499638944      -1.953992523340276E-015  8.452624165045109E-008  5.447494307494101E-015  1.001175965834970E-007 -8.822572302354600E-015 -3.219235522304113E-007
 -0.707106775135739       2.516505522483689E-016   2.49999998288573      -1.450691418843538E-015  -1.73205079554662       3.848773152033874E-015  1.367948178436033E-007 -4.085620730620624E-015 -1.454681801978571E-007  3.197442310919627E-015
  5.921189464667501E-017  -1.22474490548191      -1.095420050963488E-015   3.50000005566927       3.197442310920448E-015  -2.23606815117931      -3.345472047537215E-015 -2.798521710663711E-008  3.079018521625574E-015 -7.571903980855648E-008
 -1.054943579159584E-008 -8.733754460384565E-016  -1.73205079343978       2.309263891220323E-015   4.50000000182457      -2.486899575160449E-015  -2.73861310027731       2.546111469804745E-015 -1.075335921048766E-008 -1.302661682266116E-015
 -2.794061278639978E-016  2.721436194915346E-009  1.332267629550185E-015  -2.23606795396757      -2.087219286295395E-015   5.49999995392936       2.309263891217514E-015  -3.24037002715659      -1.539509260869262E-015 -2.072079090531531E-007
  2.392127695927115E-009  9.473903143467991E-016  2.744300492037629E-008 -1.894780628693684E-015  -2.73861283801989       2.131628207277411E-015   6.50000003264269      -5.921189465338408E-016  -3.74165779877176      -2.368475787022141E-015
  2.812564995717059E-016  1.667003850513993E-008 -1.213843840256893E-015  1.276837190052523E-008  1.361873576871049E-015  -3.24037043402289      -3.552713679490554E-016   7.50000011336575      -7.105427371276347E-016  -4.24264023770603     
 -1.261076236029150E-009 -1.036208156316840E-015  3.676494989927430E-009  1.421085471518449E-015  8.409904566815859E-008 -4.736951572340217E-016  -3.74165762945049      -1.421085472927899E-015   8.50000031677105       9.473902901029297E-016
 -1.998401444325369E-016 -1.608533997850733E-008  8.585724723757896E-016  4.760780054624547E-008 -5.921189465119578E-016  8.053061743377536E-009 -1.421085472780196E-015  -4.24264090791285       9.473902893695849E-016   9.50000034844489     
