Delta 0.00 1.00 2.00 3.00 4.00 5.00
   -0.290000   17.574439   10.374909   11.052274   11.817618   12.668662   13.819643
   -0.280000   16.100098    9.673277   10.318961   11.031199   11.827461   12.904753
   -0.270000   14.533140    8.997432    9.612394   10.272933   11.015917   12.021698
   -0.260000   13.065092    8.347282    8.932142    9.542496   10.233751   11.170223
   -0.250000   11.695603    7.722736    8.277798    8.839587    9.480712   10.350101
   -0.240000   10.424404    7.123685    7.648995    8.163940    8.756576    9.561134
   -0.230000    9.251307    6.549998    7.045398    7.515317    8.061150    8.803154
   -0.220000    8.176187    6.001523    6.466712    6.893509    7.394342    8.076022
   -0.210000    7.198972    5.478077    5.912682    6.298343    6.755793    7.379627
   -0.200000    6.319629    4.979454    5.383090    5.729671    6.145617    6.713890
   -0.190000    5.455582    4.505421    4.877765    5.187384    5.563664    6.078760
   -0.180000    4.510534    4.055738    4.396581    4.671401    5.009883    5.474217
   -0.170000    3.668450    3.630151    3.939454    4.181677    4.484259    4.900273
   -0.160000    2.929550    3.228407    3.506352    3.718199    3.986804    4.356970
   -0.150000    2.294058    2.850263    3.097288    3.280987    3.517563    3.844383
   -0.140000    1.762183    2.495492    2.712324    2.870099    3.076613    3.362618
   -0.130000    1.334084    2.163900    2.351571    2.485625    2.664062    2.911818
   -0.120000    1.009826    1.855322    2.015189    2.127693    2.280054    2.492156
   -0.110000    0.789320    1.569668    1.703385    1.796465    1.924765    2.103842
   -0.100000    0.507631    1.306900    1.416414    1.492124    1.598408    1.747123
   -0.090000    0.195091    1.067082    1.154578    1.214956    1.301229    1.422282
   -0.080000   -0.004102    0.850346    0.918221    0.965186    1.033515    1.129640
   -0.070000   -0.090770    0.656950    0.707735    0.743142    0.795589    0.869557
   -0.060000   -0.066571    0.487253    0.523553    0.549179    0.587813    0.642437
   -0.050000   -0.035841    0.341726    0.366144    0.383687    0.410592    0.448723
   -0.040000   -0.284926    0.220947    0.236023    0.247100    0.264371    0.288904
   -0.030000   -0.407415    0.125592    0.133742    0.139896    0.149641    0.163516
   -0.020000   -0.401832    0.056418    0.059888    0.062593    0.066938    0.073139
   -0.010000   -0.266592    0.014258    0.015087    0.015756    0.016847    0.018405
    0.000000    0.000000    0.000000    0.000000    0.000000    0.000000    0.000000
    0.010000   -0.230776    0.014573    0.015325    0.015985    0.017084    0.018661
    0.020000   -0.339284    0.058937    0.061798    0.064426    0.068841    0.075184
    0.030000   -0.323466    0.134070    0.140190    0.146087    0.156067    0.170424
    0.040000   -0.181123    0.240968    0.251316    0.261796    0.279622    0.305299
    0.050000    0.090084    0.380639    0.396020    0.412432    0.440428    0.480795
    0.060000    0.492642    0.554162    0.575229    0.598945    0.639474    0.697965
    0.070000    1.029197    0.762421    0.789868    0.822348    0.877819    0.957937
    0.080000    1.379241    1.006650    1.040950    1.083724    1.156598    1.261916
    0.090000    1.818109    1.287906    1.329535    1.384235    1.477026    1.611191
    0.100000    2.389323    1.607346    1.656754    1.725121    1.840399    2.007136
    0.110000    3.061768    1.966181    2.023853    2.107709    2.248104    2.451217
    0.120000    3.519847    2.365686    2.431972    2.533416    2.701622    2.945001
    0.130000    3.930759    2.807206    2.882622    3.003759    3.202535    3.490156
    0.140000    4.482240    3.292166    3.377221    3.520360    3.752534    4.088463
    0.150000    5.179130    3.822063    3.917343    4.084951    4.353421    4.741822
    0.160000    6.026447    4.398486    4.504679    4.699384    5.007123    5.452255
    0.170000    7.029418    5.023110    5.141040    5.365646    5.715697    6.221926
    0.180000    8.193515    5.697701    5.828414    6.085855    6.481341    7.053139
    0.190000    9.524487    6.424143    6.568888    6.862282    7.306402    7.948354
    0.200000   11.028386    7.204396    7.364750    7.697357    8.193391    8.910197
    0.210000   12.575600    8.040605    8.218452    8.593684    9.144991    9.941475
    0.220000   14.195702    8.935034    9.132650    9.554050   10.164071   11.045186
    0.230000   16.007025    9.890136   10.110196   10.581443   11.253706   12.224537
    0.240000   18.017284   10.908562   11.154177   11.679068   12.417186   13.482959
    0.250000   20.234653   11.993231   12.267914   12.850367   13.658039   14.824126
    0.260000   22.543404   13.147204   13.454994   14.099030   14.980047   16.251975
    0.270000   24.667477   14.374005   14.719281   15.429026   16.387274   17.770730
    0.280000   27.025654   15.677353   16.064946   16.844623   17.884119   19.384926
    0.290000   29.628525   17.061334   17.496486   18.350414   19.475109   21.099435
