  0.500000000000000       8.141635513917815E-017  0.707106787237356      -2.812564995717064E-016 -1.129431268509507E-008  3.561965537339044E-016  2.172297932645506E-008 -1.406282497858527E-016 -1.883794444879072E-008 -1.110223024625068E-016
  8.141635513917815E-017   1.50000000000000      -4.218847493575595E-016   1.22474483730127       1.480297366166876E-016  2.795536368320010E-008  3.256654205567139E-016  4.191849833912187E-009 -6.217248937900597E-016 -4.125932582255132E-008
  0.707106787237356      -4.218847493575595E-016   2.50000001711427       1.480297366166876E-016   1.73205079080625       8.289665250534527E-016  4.090187815108948E-008 -4.736951571733420E-016 -6.582010957008796E-008 -1.776356839389646E-016
 -2.812564995717064E-016   1.22474483730127       1.480297366166876E-016   3.49999994433074       5.921189464667532E-016   2.23606802607952       5.033011044968287E-016 -4.842776711496319E-008 -2.960594732314663E-016 -1.195484545431687E-007
 -1.129431268509507E-008  1.480297366166876E-016   1.73205079080625       5.921189464667532E-016   4.49999999817543       8.289665250535631E-016   2.73861278438250       2.960594732361446E-016 -1.908080015174581E-007 -8.585724723262324E-016
  3.561965537339044E-016  2.795536368320010E-008  8.289665250534527E-016   2.23606802607952       8.289665250535631E-016   5.50000004607064       7.697546304100945E-016   3.24037024160302      -4.736951571037769E-016 -3.040368721377955E-007
  2.172297932645506E-008  3.256654205567139E-016  4.090187815108948E-008  5.033011044968287E-016   2.73861278438250       7.697546304100945E-016   6.49999996735733      -2.072416311819117E-016   3.74165707915639      -8.289665235662667E-016
 -1.406282497858527E-016  4.191849833912187E-009 -4.736951571733420E-016 -4.842776711496319E-008  2.960594732361446E-016   3.24037024160302      -2.072416311819117E-016   7.49999988663425      -2.368475768777763E-016   4.24264029194452     
 -1.883794444879072E-008 -6.217248937900597E-016 -6.582010957008796E-008 -2.960594732314663E-016 -1.908080015174581E-007 -4.736951571037769E-016   3.74165707915639      -2.368475768777763E-016   8.49999968322898       2.013204449197597E-015
 -1.110223024625068E-016 -4.125932582255132E-008 -1.776356839389646E-016 -1.195484545431687E-007 -8.585724723262324E-016 -3.040368721377955E-007 -8.289665235662667E-016   4.24264029194452       2.013204449197597E-015   9.49999965155531     
