   1   14.183363    1.000000    1.000000    0.000000    0.000000
   2   22.205143    1.000000    1.000000    0.000000    0.000000
   3   23.801223    1.000000    1.000000    0.000000    0.000000
   4   24.910451    1.000000    1.000000    0.000000    0.000000
   5   30.234783    0.999998    0.999999    0.000026    0.000010
   6   31.748670    0.999992    0.999997    0.000106    0.000041
   7   32.978344    0.999971    0.999990    0.000327    0.000129
   8   33.419082    0.999956    0.999984    0.000488    0.000193
   9   34.647390    0.999849    0.999945    0.001482    0.000593
  10   35.538818    0.999631    0.999866    0.003285    0.001326
  11   36.862557    0.998615    0.999498    0.010499    0.004316
  12   37.913786    0.996048    0.998565    0.025812    0.010830
  13   39.357241    0.983474    0.993949    0.084194    0.036936
  14   39.800495    0.974491    0.990606    0.118767    0.053197
  15   41.070972    0.914698    0.967321    0.291531    0.143934
  16   41.540353    0.870233    0.948750    0.385944    0.202181
  17   41.842986    0.832072    0.931871    0.452585    0.248773
  18   41.930764    0.819448    0.926082    0.472230    0.263657
  19   42.491965    0.721398    0.877268    0.591628    0.372333
  20   43.546121    0.474336    0.713543    0.691829    0.598949
  21   43.601638    0.460516    0.702062    0.690026    0.609107
  22   44.170203    0.325891    0.571646    0.631230    0.682845
  23   44.563640    0.245962    0.473808    0.557855    0.691774
  24   45.061230    0.165501    0.353782    0.448680    0.649757
  25   45.696664    0.095066    0.224804    0.314105    0.532921
  26   46.803702    0.033559    0.087470    0.146902    0.296644
  27   47.035352    0.026805    0.070661    0.123456    0.255346
  28   47.342826    0.019851    0.052948    0.097458    0.207104
  29   47.502650    0.016969    0.045483    0.085994    0.184993
  30   47.996879    0.010420    0.028247    0.057925    0.128596
  31   48.801908    0.004686    0.012829    0.029805    0.068630
  32   48.901266    0.004244    0.011630    0.027419    0.063363
  33   49.306123    0.002835    0.007788    0.019462    0.045570
  34   50.141373    0.001232    0.003393    0.009484    0.022681
  35   50.679789    0.000719    0.001983    0.005925    0.014323
  36   50.867850    0.000596    0.001644    0.005022    0.012181
  37   51.578950    0.000293    0.000808    0.002675    0.006561
  38   51.662751    0.000269    0.000743    0.002483    0.006096
  39   52.318187    0.000140    0.000386    0.001381    0.003419
  40   53.229645    0.000056    0.000155    0.000606    0.001516
  41   53.425798    0.000046    0.000128    0.000507    0.001271
  42   53.651798    0.000037    0.000102    0.000413    0.001037
  43   53.724557    0.000034    0.000095    0.000387    0.000971
  44   53.885664    0.000029    0.000081    0.000334    0.000840
  45   54.650041    0.000014    0.000037    0.000166    0.000420
  46   55.275921    0.000007    0.000020    0.000093    0.000237
  47   55.950725    0.000004    0.000010    0.000050    0.000128
  48   56.400890    0.000002    0.000007    0.000033    0.000084
  49   56.414488    0.000002    0.000006    0.000033    0.000083
  50   57.164436    0.000001    0.000003    0.000016    0.000042
  51   57.217208    0.000001    0.000003    0.000015    0.000040
  52   57.220952    0.000001    0.000003    0.000015    0.000039
  53   58.342252    0.000000    0.000001    0.000005    0.000014
  54   58.446697    0.000000    0.000001    0.000005    0.000013
  55   59.441450    0.000000    0.000000    0.000002    0.000005
  56   59.715322    0.000000    0.000000    0.000001    0.000004
  57   59.763759    0.000000    0.000000    0.000001    0.000004
  58   60.024815    0.000000    0.000000    0.000001    0.000003
  59   61.081358    0.000000    0.000000    0.000000    0.000001
  60   61.304431    0.000000    0.000000    0.000000    0.000001
  61   61.846240    0.000000    0.000000    0.000000    0.000001
