  0.9980267      6.2790520E-02
  0.9921147      0.1253332    
  0.9822872      0.1873813    
  0.9685832      0.2486899    
  0.9510565      0.3090170    
  0.9297765      0.3681245    
  0.9048271      0.4257793    
  0.8763067      0.4817537    
  0.8443279      0.5358268    
  0.8090170      0.5877852    
  0.7705132      0.6374241    
  0.7289686      0.6845471    
  0.6845471      0.7289687    
  0.6374239      0.7705133    
  0.5877852      0.8090170    
  0.5358267      0.8443279    
  0.4817536      0.8763067    
  0.4257793      0.9048271    
  0.3681245      0.9297765    
  0.3090170      0.9510565    
  0.2486898      0.9685832    
  0.1873812      0.9822873    
  0.1253332      0.9921147    
  6.2790498E-02  0.9980267    
 -4.3711388E-08   1.000000    
 -6.2790588E-02  0.9980267    
 -0.1253333      0.9921147    
 -0.1873814      0.9822872    
 -0.2486899      0.9685832    
 -0.3090170      0.9510565    
 -0.3681246      0.9297764    
 -0.4257794      0.9048270    
 -0.4817538      0.8763066    
 -0.5358269      0.8443279    
 -0.5877854      0.8090169    
 -0.6374240      0.7705132    
 -0.6845471      0.7289686    
 -0.7289686      0.6845471    
 -0.7705133      0.6374239    
 -0.8090171      0.5877852    
 -0.8443280      0.5358267    
 -0.8763067      0.4817536    
 -0.9048271      0.4257792    
 -0.9297765      0.3681244    
 -0.9510566      0.3090168    
 -0.9685832      0.2486899    
 -0.9822873      0.1873811    
 -0.9921147      0.1253332    
 -0.9980267      6.2790222E-02
  -1.000000     -8.7422777E-08
 -0.9980267     -6.2790871E-02
 -0.9921147     -0.1253334    
 -0.9822873     -0.1873812    
 -0.9685831     -0.2486901    
 -0.9510565     -0.3090170    
 -0.9297764     -0.3681248    
 -0.9048271     -0.4257793    
 -0.8763067     -0.4817537    
 -0.8443279     -0.5358269    
 -0.8090169     -0.5877854    
 -0.7705132     -0.6374241    
 -0.7289685     -0.6845472    
 -0.6845469     -0.7289687    
 -0.6374238     -0.7705134    
 -0.5877854     -0.8090168    
 -0.5358266     -0.8443280    
 -0.4817539     -0.8763066    
 -0.4257790     -0.9048272    
 -0.3681247     -0.9297764    
 -0.3090166     -0.9510566    
 -0.2486900     -0.9685832    
 -0.1873814     -0.9822872    
 -0.1253333     -0.9921147    
 -6.2790535E-02 -0.9980267    
  1.1924881E-08  -1.000000    
  6.2790558E-02 -0.9980267    
  0.1253333     -0.9921147    
  0.1873814     -0.9822872    
  0.2486900     -0.9685831    
  0.3090171     -0.9510565    
  0.3681247     -0.9297764    
  0.4257795     -0.9048270    
  0.4817539     -0.8763066    
  0.5358270     -0.8443278    
  0.5877851     -0.8090171    
  0.6374242     -0.7705131    
  0.6845474     -0.7289684    
  0.7289689     -0.6845468    
  0.7705132     -0.6374241    
  0.8090172     -0.5877849    
  0.8443282     -0.5358264    
  0.8763067     -0.4817537    
  0.9048271     -0.4257793    
  0.9297767     -0.3681241    
  0.9510567     -0.3090165    
  0.9685832     -0.2486898    
  0.9822873     -0.1873812    
  0.9921148     -0.1253326    
  0.9980267     -6.2790371E-02
   1.000000      1.7484555E-07
